Locus	Obs. Het. BP	Obs FST	FST P-value	1-FST quantile	(if P-value=2 -> uncomputed value because Obs.Het.BP is out of simulated bounds)
1	0.501852	0.0638487	0.157785	0.157785
2	0.43997	0.186611	0.00379453	0.00379453
3	0.366457	0.0344666	0.449959	0.449959
4	0.0849433	0.00958051	0.168243	0.831757
5	0.455099	0.0248329	0.399585	0.600415
6	0.491479	0.0124501	0.187503	0.812497
7	0.214718	0.0579023	0.173878	0.173878
8	0.461668	0.000300468	0.0529703	0.94703
9	0.0258084	0.00567928	0.480658	0.519342
10	0.36341	0.016854	0.246116	0.753884
11	0.410617	0.0186723	0.284644	0.715356
12	0.134631	0.000102981	0.0605724	0.939428
13	0.448306	0.0967335	0.0573635	0.0573635
14	0.490252	0.00900656	0.139562	0.860438
15	0.0829281	0.00963673	0.16995	0.83005
16	0.482205	0.0317679	0.471422	0.471422
17	0.122919	0.00694537	0.128726	0.871274
18	0.363705	0.080278	0.0956003	0.0956003
19	0.423483	0.00247537	0.0706388	0.929361
20	0.498513	0.0125895	0.186574	0.813426
21	0.364646	0.00475246	0.0844467	0.915553
22	0.124567	0.00820851	0.144814	0.855186
23	0.124135	0.0200894	0.338919	0.661081
24	0.341548	0.0334286	0.447776	0.447776
25	0.328235	0.00078852	0.0585685	0.941432
26	0.484202	0.00123513	0.0610922	0.938908
27	0.494164	0.0672188	0.138878	0.138878
28	0.434065	0.035245	0.420455	0.420455
29	0.474157	0.00949138	0.146086	0.853914
30	0.454706	0.0522501	0.236864	0.236864
31	0.177649	0.0284116	0.47562	0.52438
32	0.391282	0.0214343	0.318836	0.681164
33	0.110249	0.0248865	0.425398	0.574602
34	0.128786	0.00639041	0.122171	0.877829
35	0.395614	0.0183357	0.267895	0.732105
36	0.4997	0.0489814	0.259752	0.259752
37	0.431615	0.0534529	0.229871	0.229871
38	0.103291	0.0179711	0.300493	0.699507
39	0.17288	0.0316006	0.472036	0.472036
40	0.452157	0.00729086	0.117171	0.882829
41	0.28213	0.00617829	0.103298	0.896702
42	0.063809	0.00184192	0.0857919	0.914208
43	0.428619	0.0123508	0.188983	0.811017
44	0.0829003	0.00439513	0.103525	0.896475
45	0.396356	0.022825	0.347147	0.652853
46	0.501682	0.0148997	0.221266	0.778734
47	0.449212	0.0120091	0.180178	0.819822
48	0.498032	0.12936	0.0227485	0.0227485
49	0.322262	0.0442594	0.306452	0.306452
50	0.420473	0.0309862	0.493064	0.493064
51	0.13782	0.111782	0.0311883	0.0311883
52	0.57743	0.250993	0.00051456	0.00051456
53	0.141367	0.00974761	0.163388	0.836612
54	0.431703	0.0291548	0.483291	0.516709
55	0.496282	0.318032	3.5139e-016	3.5139e-016
56	0.500887	0.0725431	0.119092	0.119092
57	0.0404729	0.0250416	0.460311	0.460311
58	0.323371	0.118361	0.0389033	0.0389033
59	0.163254	0.00017366	0.0593022	0.940698
60	0.341147	0.0217047	0.3449	0.6551
61	0.455462	0.00765997	0.120904	0.879096
62	0.0916652	0.00749363	0.138189	0.861811
63	0.190804	0.00177613	0.0715929	0.928407
64	0.0358374	0.013606	0.488855	0.488855
65	0.239794	0.0209544	0.337245	0.662755
66	0.5011	0.031085	0.493135	0.493135
67	0.482394	0.0160674	0.247563	0.752437
68	0.489673	0.0115119	0.174169	0.825831
69	0.416665	0.0133402	0.198953	0.801047
70	0.0865798	0.0312666	0.455287	0.455287
71	0.232904	0.0075115	0.125663	0.874337
72	0.393281	0.00510007	0.0860969	0.913903
73	0.314391	0.0565507	0.208611	0.208611
74	0.0660913	0.026731	0.491159	0.508841
75	0.487899	0.0100027	0.153374	0.846626
76	0.0422411	0.0366858	0.286478	0.286478
77	0.269451	0.00348513	0.0766833	0.923317
78	0.295982	0.0377977	0.403475	0.403475
79	0.391494	0.00475951	0.0824961	0.917504
80	0.115714	-0.000126108	0.0593736	0.940626
81	0.0328309	-0.000471171	0.274017	0.725983
82	0.259025	0.0137294	0.201751	0.798249
83	0.43392	0.00642039	0.111089	0.888911
84	0.418736	0.00444954	0.0872547	0.912745
85	0.288176	0.0196906	0.299097	0.700903
86	0.267159	0.0123926	0.180711	0.819289
87	0.476505	0.00698401	0.11529	0.88471
88	0.042329	0.0121789	0.268937	0.731063
