Locus	Obs. Het. BP	Obs FST	FST P-value	1-FST quantile
1	0.498274	0.00430183	0.257345	0.742655
2	0.457284	0.000669901	0.188124	0.811876
3	0.325832	0.00918842	0.335126	0.664874
4	0.0986483	0.00676704	0.305494	0.694506
5	0.467727	0.00238683	0.226317	0.773683
6	0.494238	0.00224225	0.220933	0.779067
7	0.154727	0.00107051	0.192297	0.807703
8	0.463242	0.00025147	0.185525	0.814475
9	0.0328283	0.000104463	0.355817	0.644183
10	0.379987	0.0277878	0.333408	0.333408
11	0.386206	-0.00110109	0.150136	0.849864
12	0.13937	0.00130595	0.204908	0.795092
13	0.470583	0.0260899	0.309242	0.309242
14	0.481426	-0.00155799	0.160421	0.839579
15	0.0936121	0.0151904	0.474014	0.525986
16	0.469384	0.0162891	0.484218	0.484218
17	0.134212	0.00291277	0.234588	0.765412
18	0.28679	0.00193103	0.210768	0.789232
19	0.423289	0.0034822	0.221213	0.778787
20	0.504331	0.0206123	0.422475	0.422475
21	0.361493	0.000728636	0.179883	0.820117
22	0.121262	0.00335553	0.242419	0.757581
23	0.10589	0.0195611	0.440381	0.440381
24	0.37055	0.000843958	0.181684	0.818316
25	0.338955	-0.00129263	0.149367	0.850633
26	0.482115	0.00338854	0.246911	0.753089
27	0.510978	0.0703831	0.0604821	0.0604821
28	0.418827	0.0330969	0.271877	0.271877
29	0.465691	0.00263031	0.229516	0.770484
30	0.436583	0.0592727	0.0876001	0.0876001
31	0.138507	0.000326781	0.188699	0.811301
32	0.364871	0.0115669	0.385326	0.614674
33	0.133092	0.0127353	0.429548	0.570452
34	0.138523	0.00149409	0.208412	0.791588
35	0.37256	0.00998909	0.352205	0.647795
36	0.46781	0.00499178	0.276811	0.723189
37	0.376385	-0.000855255	0.15494	0.84506
38	0.0892491	0.0310678	0.267551	0.267551
39	0.204515	0.010521	0.373772	0.626228
40	0.452934	0.0187517	0.458021	0.458021
41	0.292243	0.0140607	0.45262	0.54738
42	0.0709266	-0.000563247	0.17032	0.82968
43	0.434364	0.0172963	0.492637	0.507363
44	0.0911133	0.00144304	0.203612	0.796388
45	0.360458	-0.00254672	0.131327	0.868673
46	0.50045	0.00443378	0.258199	0.741801
47	0.441349	0.0112034	0.37673	0.62327
48	0.408415	0.00663035	0.275057	0.724943
49	0.355117	-0.000646044	0.159056	0.840944
50	0.3897	0.0137804	0.42216	0.57784
51	0.0658279	0.00254119	0.225334	0.774666
52	0.447407	0.00802243	0.317926	0.682074
53	0.1223	0.00599658	0.292764	0.707236
54	0.452901	0.0276516	0.309374	0.309374
55	0.677359	0.521842	5.54567e-166	5.54567e-166
56	0.450648	0.000214062	0.176137	0.823863
57	0.0548115	0.0147571	0.494036	0.505964
58	0.223655	0.00759874	0.31359	0.68641
59	0.168515	0.00103814	0.187969	0.812031
60	0.308679	0.000970345	0.186853	0.813147
61	0.463338	0.000328016	0.186881	0.813119
62	0.105041	9.26234e-005	0.184979	0.815021
63	0.197933	0.00352245	0.235598	0.764402
64	0.0228903	-0.00189502	0.352111	0.647889
65	0.260088	0.0462674	0.12976	0.12976
66	0.498945	0.00277039	0.228031	0.771969
67	0.487324	0.00546375	0.286174	0.713826
68	0.48356	0.0115175	0.415198	0.584802
69	0.42851	0.0428168	0.17584	0.17584
70	0.112292	0.00130564	0.206299	0.793701
71	0.229487	0.0178256	0.479067	0.479067
72	0.383077	0.00474422	0.247692	0.752308
73	0.256048	0.00952347	0.356643	0.643357
74	0.0442951	0.0182685	0.389105	0.389105
75	0.491322	0.0031661	0.239343	0.760657
76	0.0590924	0.0186964	0.433849	0.433849
77	0.273435	0.00223441	0.217284	0.782716
78	0.328244	-0.000303605	0.162374	0.837626
79	0.400551	0.00795968	0.303151	0.696849
80	0.113728	-0.000187798	0.18132	0.81868
81	0.032172	0.00200179	0.411749	0.588251
82	0.258469	0.022672	0.379051	0.379051
83	0.422563	0.000326327	0.169271	0.830729
84	0.422184	0.00372983	0.225258	0.774742
85	0.254138	0.000533428	0.182271	0.817729
86	0.284847	0.00165402	0.206377	0.793623
87	0.470859	0.00828358	0.346494	0.653506
88	0.0448535	0.0173335	0.412243	0.412243
