094	096	098	100	102	104	106	108	110	116
2	2	7	48	1	77	44	3	5	1
203	207	211	215	219	223	227	231	235	239	243	247	251	255
2	4	2	3	11	16	14	14	53	31	23	10	2	1
182	194	198	206	210	214	218	234	258	262	266	274	278	282	286	290	294	298	302	306	310	314	318	322	326	330	334	342	346	350	354	358
2	6	3	1	6	2	1	1	1	2	3	2	17	10	11	6	8	11	14	9	17	22	7	5	6	4	1	1	2	4	2	1
176	184	188	192	196	200	204	208	212	216	220	224	228	232	236	240	244	248	252	260
1	4	8	26	38	21	25	23	10	5	3	1	2	8	2	2	3	3	1	2
226	230	238	242	246	250	254	258	262	266	270	274	278	282	290	294
1	5	35	29	6	38	8	19	8	7	16	10	2	1	2	1
198	202	206	210	222	230	238	242	246	250	262	266	270	274	278	282	286	290	294	298	302	326	330
18	46	25	5	3	2	5	9	7	1	2	6	1	10	10	9	10	5	4	7	3	1	1
215	219	227	231	235	239	243	247	251	255	259	263	267	271	275	279	283	287	291	295
1	7	3	7	4	6	16	19	17	21	12	20	22	13	8	3	3	2	2	2
173	177	181	185	189	193	197	201	205	209	213	217	221	225	233
1	2	1	1	3	5	18	17	21	31	45	19	19	6	1
149	153	157	161	165	169	177	181	185	189	193	197	201	205	209
2	1	46	38	9	14	10	11	7	5	6	6	5	25	3
114	116	118	128	130	132
1	88	8	85	1	1
094	096	098	100	102	104	106	108	110	116
2	2	7	48	1	77	44	3	5	1
203	207	211	215	219	223	227	231	235	239	243	247	251	255
2	4	2	3	11	16	14	14	53	31	23	10	2	1
182	194	198	206	210	214	218	234	258	262	266	274	278	282	286	290	294	298	302	306	310	314	318	322	326	330	334	342	346	350	354	358
2	6	3	1	6	2	1	1	1	2	3	2	17	10	11	6	8	11	14	9	17	22	7	5	6	4	1	1	2	4	2	1
176	184	188	192	196	200	204	208	212	216	220	224	228	232	236	240	244	248	252	260
1	4	8	26	38	21	25	23	10	5	3	1	2	8	2	2	3	3	1	2
226	230	238	242	246	250	254	258	262	266	270	274	278	282	290	294
1	5	35	29	6	38	8	19	8	7	16	10	2	1	2	1
198	202	206	210	222	230	238	242	246	250	262	266	270	274	278	282	286	290	294	298	302	326	330
18	46	25	5	3	2	5	9	7	1	2	6	1	10	10	9	10	5	4	7	3	1	1
215	219	227	231	235	239	243	247	251	255	259	263	267	271	275	279	283	287	291	295
1	7	3	7	4	6	16	19	17	21	12	20	22	13	8	3	3	2	2	2
173	177	181	185	189	193	197	201	205	209	213	217	221	225	233
1	2	1	1	3	5	18	17	21	31	45	19	19	6	1
149	153	157	161	165	169	177	181	185	189	193	197	201	205	209
2	1	46	38	9	14	10	11	7	5	6	6	5	25	3
114	116	118	128	130	132
1	88	8	85	1	1
094	096	098	100	102	104	106	108	110	116
2	2	7	48	1	77	44	3	5	1
203	207	211	215	219	223	227	231	235	239	243	247	251	255
2	4	2	3	11	16	14	14	53	31	23	10	2	1
182	194	198	206	210	214	218	234	258	262	266	274	278	282	286	290	294	298	302	306	310	314	318	322	326	330	334	342	346	350	354	358
2	6	3	1	6	2	1	1	1	2	3	2	17	10	11	6	8	11	14	9	17	22	7	5	6	4	1	1	2	4	2	1
176	184	188	192	196	200	204	208	212	216	220	224	228	232	236	240	244	248	252	260
1	4	8	26	38	21	25	23	10	5	3	1	2	8	2	2	3	3	1	2
226	230	238	242	246	250	254	258	262	266	270	274	278	282	290	294
1	5	35	29	6	38	8	19	8	7	16	10	2	1	2	1
198	202	206	210	222	230	238	242	246	250	262	266	270	274	278	282	286	290	294	298	302	326	330
18	46	25	5	3	2	5	9	7	1	2	6	1	10	10	9	10	5	4	7	3	1	1
215	219	227	231	235	239	243	247	251	255	259	263	267	271	275	279	283	287	291	295
1	7	3	7	4	6	16	19	17	21	12	20	22	13	8	3	3	2	2	2
173	177	181	185	189	193	197	201	205	209	213	217	221	225	233
1	2	1	1	3	5	18	17	21	31	45	19	19	6	1
149	153	157	161	165	169	177	181	185	189	193	197	201	205	209
2	1	46	38	9	14	10	11	7	5	6	6	5	25	3
114	116	118	128	130	132
1	88	8	85	1	1
094	096	098	100	102	104	106	108	110	116
2	2	7	48	1	77	44	3	5	1
203	207	211	215	219	223	227	231	235	239	243	247	251	255
2	4	2	3	11	16	14	14	53	31	23	10	2	1
182	194	198	206	210	214	218	234	258	262	266	274	278	282	286	290	294	298	302	306	310	314	318	322	326	330	334	342	346	350	354	358
2	6	3	1	6	2	1	1	1	2	3	2	17	10	11	6	8	11	14	9	17	22	7	5	6	4	1	1	2	4	2	1
176	184	188	192	196	200	204	208	212	216	220	224	228	232	236	240	244	248	252	260
1	4	8	26	38	21	25	23	10	5	3	1	2	8	2	2	3	3	1	2
226	230	238	242	246	250	254	258	262	266	270	274	278	282	290	294
1	5	35	29	6	38	8	19	8	7	16	10	2	1	2	1
198	202	206	210	222	230	238	242	246	250	262	266	270	274	278	282	286	290	294	298	302	326	330
18	46	25	5	3	2	5	9	7	1	2	6	1	10	10	9	10	5	4	7	3	1	1
215	219	227	231	235	239	243	247	251	255	259	263	267	271	275	279	283	287	291	295
1	7	3	7	4	6	16	19	17	21	12	20	22	13	8	3	3	2	2	2
173	177	181	185	189	193	197	201	205	209	213	217	221	225	233
1	2	1	1	3	5	18	17	21	31	45	19	19	6	1
149	153	157	161	165	169	177	181	185	189	193	197	201	205	209
2	1	46	38	9	14	10	11	7	5	6	6	5	25	3
114	116	118	128	130	132
1	88	8	85	1	1
