000	090	094	096	098	100	102	104	106	108	110	114
4	1	3	1	8	53	2	69	30	4	11	4
207	211	215	219	223	227	231	235	239	243	247	251
1	6	8	14	11	21	39	46	23	11	7	3
178	182	190	194	210	214	262	266	270	274	278	282	286	290	294	298	302	306	310	314	318	322	326	330	338	342	346	350	354	358
1	1	2	4	6	3	2	3	3	3	10	7	13	16	11	10	14	19	23	14	4	4	8	1	1	1	2	2	1	1
176	180	184	188	192	196	200	204	208	212	216	220	224	228	232	236	240	252	256
1	2	3	12	33	33	16	28	21	15	7	4	2	2	3	1	2	2	3
226	230	234	238	242	246	250	254	256	258	262	266	270	278	282	286	294
2	8	8	45	22	10	32	11	1	21	7	5	13	1	1	1	2
128	194	198	202	206	210	214	230	238	242	246	250	258	262	266	270	274	278	282	286	290	294	298	342
2	2	33	56	23	7	1	3	3	1	6	2	1	2	2	4	5	10	10	8	2	3	3	1
000	219	223	227	231	235	239	243	247	251	255	259	263	267	271	275	279	283	291	295
4	7	4	3	9	2	6	20	11	21	22	19	17	13	13	10	5	1	2	1
000	173	177	181	185	189	197	201	205	209	213	217	221	225	229
4	2	1	1	1	2	14	11	26	26	26	41	25	8	2
145	149	153	157	161	165	169	173	177	181	185	189	193	197	201	205	213
1	2	1	20	47	5	7	2	12	8	16	7	12	2	14	32	2
000	112	114	116	118	120	128	130
6	1	5	91	9	1	72	5
