2 3.5 0.1

2
098	100	104	106	110	114
5	48	97	28	6	2

4
203	207	211	215	219	223	227	231	235	239	243	247	251
1	4	8	2	11	25	7	28	47	33	12	8	2

4
162	170	186	190	194	198	202	206	210	214	254	258	262	266	270	274	278	282	286	290	294	298	302	306	310	314	318	322	326	330	334	342	350	354	358
1	1	3	3	4	4	1	6	2	5	2	1	3	2	1	3	8	5	11	16	5	13	7	15	16	21	6	4	9	5	1	1	1	1	1

4
176	180	184	188	192	196	200	204	208	212	216	220	232	236	240	244	252	256	260
3	3	6	7	41	26	12	26	21	26	3	3	2	2	1	2	2	1	3

4
214	222	226	230	234	238	242	246	250	254	258	262	266	270	274	282	290
1	3	1	3	7	49	29	4	39	9	16	5	3	13	4	3	1

4
194	198	202	206	210	222	226	230	234	238	242	246	262	266	270	274	278	282	286	290	294	298
2	23	55	23	8	1	2	1	2	4	9	3	3	11	4	9	12	5	3	1	2	3

4
219	227	231	235	239	243	247	251	255	259	263	267	271	275	279	283	287	291	295	299
5	1	7	4	13	11	20	20	20	17	22	22	6	4	4	3	6	2	2	1

4
181	185	189	193	197	201	205	209	213	217	221	225	233
2	1	1	1	20	16	22	28	40	34	19	3	1

4
149	153	157	161	165	169	173	177	181	185	189	193	197	201	205	209
2	6	38	55	4	16	5	9	8	11	5	3	7	4	16	1

2
114	116	118	120	128	130
1	92	6	1	84	4
