2 3.5 0.1

2
096	098	100	102	104	106	108	110
1	3	58	2	80	33	1	4

4
207	211	215	219	223	227	231	235	239	243	247	251
2	6	1	5	21	11	42	37	39	12	10	2

4
178	186	190	194	202	206	210	214	262	266	274	278	282	286	290	294	298	302	306	310	314	318	322	326	330	334	346	350	358
1	2	3	3	1	4	4	5	1	2	5	10	2	14	7	6	11	14	15	25	20	9	4	8	4	1	1	1	3

4
176	184	188	192	196	200	204	208	212	216	224	228	232	236	240	244	248	260
1	1	6	31	32	31	17	17	22	14	1	2	6	1	1	2	1	2

4
222	226	230	234	238	242	246	250	254	256	258	262	266	270	274	290	294
1	1	4	5	36	29	4	29	18	1	17	10	2	16	3	1	3

4
198	202	206	210	222	230	234	238	242	246	250	266	270	274	278	282	286	290	294	298	306
14	67	13	6	1	2	2	3	17	2	1	5	7	12	10	7	4	2	3	3	1

4
219	223	227	231	235	239	243	247	251	255	259	263	267	271	275	279	283	291	295
7	1	1	3	6	12	7	29	22	17	11	17	21	14	11	1	5	1	2

4
173	177	181	189	193	197	201	205	209	213	217	221	225	229	233
1	1	2	5	1	22	15	23	25	36	28	13	2	3	5

4
137	145	153	157	161	165	169	173	177	181	185	189	193	197	201	205
1	3	3	39	38	2	19	4	10	7	11	5	9	3	7	23

2
116	118	120	128	130	132
87	10	1	82	6	2
