Loc,FBM1_095,FBM2_095,FBM3_095,FBM4_095,FTM1_095,FTM2_095,FTM3_093,FTM4_078,FTM5_095,FTM6_095,KBL1_096,KBL2_097,KBL4_096,KBL5_096,KOL1_062,KTE1_096,KTE2_096,KTE3_096,KTE4_066,KTE5_096,KTE6_096,KTE7_096,KTE8_096,KTE9_064,KTL1_095,KTL2_095,RBL1_095,RBL2_095,RBL3_095,RBL4_095,RTE1_095,RTE2_095,RUL1_096
One_ACBP_79,0.6338,0.3856,0.0301,0.0007,0.0001,0.0269,0.0011,0.6220,0.1039,0.1102,0.2957,0.5290,0.6810,0.8348,0.0006,0.2822,0.2799,0.0496,0.3153,0.3026,0.3734,0.1880,0.8343,1.0000,0.2980,0.0800,0.2799,0.1236,0.0007,0.0758,0.1087,1.0000,1.0000
One_agt_132,1.0000,0.6493,0.6355,0.4061,0.3492,0.0032,0.6504,0.7659,0.8097,0.8372,0.8389,0.5442,0.5375,0.1033,0.1984,0.6648,0.0052,0.0044,1.0000,0.5216,0.2799,0.2222,0.8357,0.1992,0.6505,0.5250,0.3117,0.8207,0.4706,0.1280,0.5752,0.5961,0.0221
One_aldB_152,0.4031,0.0748,1.0000,1.0000,0.4176,1.0000,1.0000,1.0000,1.0000,1.0000,0.2723,0.0678,0.6525,0.5103,0.1989,0.6508,0.8192,0.6257,1.0000,0.6470,0.6217,1.0000,0.8141,0.0981,0.1385,1.0000,1.0000,0.1944,0.5887,1.0000,1.0000,1.0000,0.7959
One_apoe_83,0.6222,0.3679,0.5096,0.5143,0.0943,0.6189,0.3611,1.0000,0.1619,1.0000,0.3931,0.7304,0.4543,0.6969,0.3801,0.3421,0.2863,0.5762,1.0000,0.2567,0.7729,1.0000,1.0000,0.5114,1.0000,0.4582,1.0000,0.8110,0.8194,1.0000,0.4345,0.7963,1.0000
One_c3_98,1.0000,1.0000,1.0000,1.0000,1.0000,0.0166,1.0000,1.0000,1.0000,1.0000,1.0000,1.0000,1.0000,1.0000,1.0000,1.0000,1.0000,1.0000,1.0000,1.0000,1.0000,1.0000,1.0000,1.0000,1.0000,1.0000,1.0000,1.0000,1.0000,1.0000,1.0000,1.0000,1.0000
One_CD9_269,0.3041,1.0000,0.8026,1.0000,0.8084,0.7939,1.0000,0.3740,0.6051,0.4132,0.8282,1.0000,1.0000,0.3455,0.1809,0.6722,0.0745,0.6334,1.0000,0.1657,0.3857,0.8290,1.0000,0.4216,0.6414,0.6081,0.3310,1.0000,0.2598,0.3399,0.0870,0.5936,0.1974
One_cetn1_167,0.8267,0.4738,0.2926,0.8170,0.6526,1.0000,0.8291,0.1913,0.4060,1.0000,0.0509,1.0000,0.4005,1.0000,1.0000,0.8220,0.5316,0.8354,0.8058,0.3703,0.8343,0.4113,0.2838,0.8006,0.6512,0.5351,0.3995,0.3891,1.0000,0.1793,0.1008,0.2414,0.3679
One_CFP1,0.6966,1.0000,0.5515,1.0000,0.0367,0.7057,0.4596,1.0000,1.0000,0.4456,1.0000,0.0036,1.0000,1.0000,0.4444,1.0000,0.1886,1.0000,1.0000,1.0000,0.3558,1.0000,1.0000,1.0000,1.0000,0.0331,0.2911,0.4715,0.0635,0.5113,0.1676,0.4134,0.6064
One_cin_177,1.0000,1.0000,0.6567,0.3685,0.3791,0.8284,0.3234,0.2497,0.6584,0.8212,0.6525,0.2579,0.3565,0.5103,0.2456,0.3688,0.1072,0.5155,0.5944,0.6428,0.8136,0.1415,0.6764,0.3929,0.8057,0.1662,1.0000,0.0822,1.0000,0.6456,1.0000,0.0348,0.4056
One_ctgf_301,-,-,-,-,-,1.0000,-,-,-,-,1.0000,-,1.0000,1.0000,-,1.0000,1.0000,1.0000,-,-,0.0530,-,1.0000,1.0000,1.0000,1.0000,-,-,1.0000,-,-,-,-
One_E2,0.2856,0.0377,0.7262,1.0000,0.0806,0.5123,1.0000,0.7512,0.2234,1.0000,0.4970,0.0094,0.4835,0.4794,0.1004,0.2780,0.2469,0.6911,0.0524,0.3524,0.2623,0.2941,1.0000,1.0000,0.6127,0.1236,1.0000,1.0000,0.6199,0.3879,1.0000,1.0000,0.7857
One_gdh_212,1.0000,0.2167,1.0000,1.0000,0.2876,0.4701,0.0932,0.0722,0.2292,1.0000,0.3330,0.0890,0.6003,0.3103,1.0000,0.3436,0.4475,0.7845,0.3209,0.4503,0.5972,0.3140,1.0000,0.0749,0.1620,1.0000,1.0000,0.0731,0.2910,0.2342,0.8371,0.3758,0.5230
One_GHII_2461,1.0000,1.0000,-,1.0000,1.0000,0.3691,1.0000,1.0000,1.0000,1.0000,0.5398,0.4469,1.0000,1.0000,0.0007,1.0000,0.3623,0.4622,0.2015,0.4662,1.0000,0.2207,0.4506,1.0000,0.0750,0.3591,0.0945,1.0000,1.0000,1.0000,1.0000,1.0000,1.0000
One_ghsR_66,0.6081,0.3037,0.5783,0.5566,1.0000,1.0000,1.0000,0.7218,0.7867,0.1785,0.8305,0.1472,1.0000,0.6841,0.5862,0.4660,1.0000,1.0000,1.0000,0.6222,1.0000,1.0000,0.4854,0.5659,0.8238,0.1882,0.7293,1.0000,1.0000,0.2043,0.1676,0.6839,0.4475
One_GPDH,1.0000,0.6710,1.0000,0.3816,0.5357,0.6703,0.0412,1.0000,0.6760,0.0626,0.2942,0.3934,0.2926,0.6624,0.1981,1.0000,0.6734,0.5209,0.4059,0.8278,0.1913,0.8291,0.3023,0.1003,0.6697,0.6669,1.0000,0.8259,1.0000,0.0604,1.0000,0.5404,0.4001
One_GPDH2,1.0000,0.0530,1.0000,1.0000,1.0000,1.0000,1.0000,1.0000,0.0160,1.0000,0.4469,0.4544,0.1874,1.0000,1.0000,1.0000,1.0000,1.0000,-,1.0000,1.0000,1.0000,1.0000,0.1637,1.0000,1.0000,1.0000,1.0000,0.0789,1.0000,1.0000,1.0000,0.0000
One_GPH_414,0.0451,0.0952,1.0000,1.0000,0.0884,0.8306,0.6785,0.4774,0.8373,0.0997,0.5002,0.6341,0.7990,0.4713,0.1276,0.2592,0.2949,0.6841,1.0000,1.0000,1.0000,0.2764,0.1904,0.7949,0.5844,0.6389,0.1999,0.2867,0.8290,0.6540,0.3051,0.8252,0.0364
One_hcs71_220,0.0063,1.0000,1.0000,0.2473,1.0000,1.0000,1.0000,1.0000,0.5017,0.4977,1.0000,1.0000,1.0000,0.2267,1.0000,0.4622,0.5017,0.0184,0.4800,0.5017,0.5481,1.0000,0.5909,0.1663,1.0000,0.0176,1.0000,0.2635,0.1818,1.0000,1.0000,1.0000,1.0000
One_HGFA,1.0000,0.6484,0.0059,0.3142,0.1124,1.0000,0.1625,0.1718,1.0000,0.1008,0.1944,0.7885,0.4543,0.4948,1.0000,0.1133,1.0000,1.0000,1.0000,0.4715,0.7018,0.3093,0.4582,0.6190,1.0000,1.0000,0.8310,0.6267,0.6287,0.0627,0.0945,0.3250,0.6367
One_HpaI_436,0.0721,0.3680,0.4375,0.1076,0.0758,1.0000,0.3288,1.0000,0.8113,0.5949,0.2262,0.7735,0.0013,0.2246,0.4165,0.2842,0.6214,0.7956,0.3431,0.6275,1.0000,0.1627,0.3812,1.0000,0.0533,0.0801,0.6443,0.4117,0.2524,0.4157,0.3532,0.8141,0.2281
One_HpaI_99,0.8365,0.8349,0.8342,1.0000,0.3880,1.0000,0.6801,0.8185,0.4061,1.0000,0.8354,0.8336,0.1971,0.5264,0.1831,0.1349,0.1451,0.6648,0.8039,0.6695,0.2020,0.5250,0.1472,0.5882,0.2957,0.2960,0.2625,0.0994,1.0000,1.0000,1.0000,0.1401,1.0000
One_Hsp47,0.4247,0.7547,1.0000,0.8015,1.0000,0.0572,1.0000,1.0000,0.5961,0.2887,1.0000,1.0000,0.2362,0.4127,0.3041,0.0854,0.3490,0.2151,0.4672,1.0000,0.1638,0.4408,0.6127,1.0000,1.0000,0.7963,0.3491,1.0000,0.6956,0.7890,0.2495,0.8107,1.0000
One_IL8r_362,1.0000,1.0000,1.0000,1.0000,1.0000,0.1153,1.0000,1.0000,1.0000,1.0000,1.0000,0.1408,0.0147,1.0000,1.0000,1.0000,1.0000,0.5957,1.0000,1.0000,1.0000,0.3068,0.4031,0.1588,1.0000,1.0000,0.4506,1.0000,1.0000,0.0620,1.0000,1.0000,0.1818
One_KCT1_453,0.4544,0.1886,1.0000,0.5481,0.4176,1.0000,1.0000,0.1742,1.0000,1.0000,0.1071,1.0000,1.0000,1.0000,0.0016,1.0000,0.3181,0.2745,1.0000,1.0000,1.0000,1.0000,1.0000,1.0000,1.0000,1.0000,0.3558,1.0000,1.0000,0.5911,1.0000,0.1886,0.3962
One_KPNA_422,1.0000,0.7319,0.5566,1.0000,0.5994,0.1469,1.0000,1.0000,0.6807,0.6052,0.4550,0.4218,1.0000,1.0000,0.5057,1.0000,0.1221,0.5897,0.5250,1.0000,1.0000,0.3524,0.7729,0.4815,0.0452,1.0000,0.1023,0.6632,0.1148,0.6839,0.2613,0.3523,1.0000
One_LEI_87,1.0000,0.0330,1.0000,0.1114,0.1166,1.0000,0.4769,0.2781,0.4910,1.0000,0.2402,0.4843,0.5103,0.7573,0.0163,1.0000,0.3818,0.2623,0.4331,0.5515,0.2302,0.0721,0.7543,0.7207,0.7735,0.5673,0.0188,1.0000,0.6956,0.2874,1.0000,1.0000,0.5290
One_lpp1_44,1.0000,0.6397,0.3700,0.2629,0.0473,1.0000,0.2798,0.6408,0.5141,0.3891,0.0998,0.2953,0.5215,0.1408,0.4302,1.0000,0.2629,0.0450,0.0805,0.2489,0.6438,0.8251,0.2634,1.0000,0.4901,0.6767,0.6779,0.3929,1.0000,0.0060,0.8368,0.3924,1.0000
One_MHC2_190,0.0380,0.8199,0.8290,0.6538,0.4715,0.2271,1.0000,0.0917,0.0692,1.0000,0.1190,0.1302,0.6470,0.0360,1.0000,0.3779,0.1841,0.0009,0.0153,0.0092,0.3640,1.0000,0.5212,0.5762,0.5520,0.6410,0.8107,1.0000,0.7856,0.5930,0.2890,0.0993,0.3538
One_MHC2_251,0.2405,0.5306,0.8319,0.8277,0.3589,0.8244,1.0000,0.0969,0.0469,0.8355,0.6199,0.4306,0.5488,0.4127,0.5985,0.4201,0.3886,0.6576,0.1503,0.6430,0.4510,1.0000,0.5099,0.5928,0.5515,0.7293,0.6513,0.5958,1.0000,0.3250,0.0132,0.0226,0.3493
One_Mkpro_129,0.1091,0.5277,1.0000,0.6691,0.6508,0.3640,0.3910,0.2634,0.5309,0.6813,0.2923,0.5106,0.3833,1.0000,1.0000,0.3461,0.3649,0.1220,0.0101,0.0989,0.4805,0.8320,0.6628,1.0000,0.0572,0.0938,1.0000,0.8137,1.0000,1.0000,0.6838,1.0000,0.8353
One_ODC1_196,0.0533,0.6801,0.8309,0.8273,0.4041,0.5243,1.0000,0.0392,0.0965,1.0000,1.0000,0.2269,0.5284,0.7473,1.0000,1.0000,0.8316,0.8121,0.2095,0.3250,1.0000,0.2907,0.0905,0.4452,0.3634,0.7557,0.6470,0.2066,0.3863,1.0000,0.1526,0.1472,0.4012
One_Ots208_234,1.0000,1.0000,1.0000,1.0000,0.2256,1.0000,0.2025,0.3034,1.0000,0.6064,1.0000,1.0000,1.0000,0.4506,1.0000,1.0000,1.0000,0.0620,1.0000,1.0000,0.0276,0.4544,0.3527,1.0000,1.0000,1.0000,0.1112,0.1944,0.1461,0.0504,0.3566,0.3962,1.0000
One_Ots213_181,0.6138,0.8151,0.0119,0.2330,0.0336,0.0641,0.4137,1.0000,0.6344,0.6164,0.0977,1.0000,0.6513,0.0694,1.0000,0.5327,0.3129,0.0295,0.7182,0.0189,1.0000,1.0000,1.0000,1.0000,0.4832,0.7871,0.4716,0.8107,1.0000,0.4713,0.1330,0.6389,0.4506
One_p53_576,1.0000,1.0000,1.0000,1.0000,0.0781,1.0000,1.0000,1.0000,1.0000,-,1.0000,0.6548,1.0000,0.3523,1.0000,1.0000,1.0000,1.0000,1.0000,1.0000,1.0000,1.0000,1.0000,0.0132,0.3068,1.0000,1.0000,1.0000,1.0000,1.0000,1.0000,-,-
One_pax7_248,0.1467,1.0000,1.0000,1.0000,1.0000,1.0000,1.0000,1.0000,1.0000,1.0000,1.0000,1.0000,1.0000,0.4031,1.0000,0.5888,1.0000,1.0000,1.0000,0.1836,0.3093,1.0000,0.1541,1.0000,1.0000,1.0000,1.0000,1.0000,1.0000,0.3591,1.0000,0.4506,0.6191
One_PIP,0.3793,0.4790,0.3473,1.0000,0.1862,0.6419,0.4756,1.0000,0.1458,0.3974,0.4715,0.5175,0.7549,1.0000,0.1188,0.7843,1.0000,0.0082,0.3719,0.0364,0.0695,1.0000,0.5463,0.0683,0.5767,0.3506,0.4960,0.8193,0.2713,0.8151,0.0587,1.0000,0.0579
One_Prl2,0.3849,0.0410,1.0000,0.3865,0.8348,0.2022,0.8353,0.0649,0.8354,0.4112,1.0000,0.3036,1.0000,0.1809,0.5206,0.8121,0.4475,0.6306,0.0074,0.3616,0.6638,0.3637,0.8320,0.1054,0.4586,0.0507,0.6813,0.2868,0.5309,1.0000,0.6844,0.3082,0.0042
One_rab1a_76,1.0000,0.6576,0.5064,0.8193,0.6298,1.0000,0.3315,0.8184,1.0000,0.8328,0.5801,0.1956,0.8059,0.5961,0.2708,0.7811,0.3330,0.3849,1.0000,0.5815,0.2302,0.7735,0.3867,1.0000,0.1777,0.7861,0.4132,1.0000,0.0193,0.2956,0.0506,0.8278,1.0000
One_RAG1_103,1.0000,1.0000,0.3181,1.0000,1.0000,0.0588,0.2692,1.0000,0.3122,1.0000,-,1.0000,1.0000,1.0000,-,1.0000,0.0734,1.0000,1.0000,1.0000,1.0000,0.5969,1.0000,1.0000,1.0000,1.0000,1.0000,0.3591,1.0000,1.0000,0.5439,0.3523,-
One_RAG3_93,1.0000,1.0000,1.0000,1.0000,1.0000,1.0000,0.3623,1.0000,0.1855,1.0000,0.2635,0.5398,0.5963,0.5523,1.0000,0.0715,0.0620,1.0000,0.5918,0.3468,0.1161,0.0797,0.0665,0.1350,1.0000,0.5910,1.0000,1.0000,1.0000,1.0000,1.0000,1.0000,0.1818
One_redd1_414,1.0000,0.1841,0.0278,1.0000,1.0000,0.0109,0.1722,1.0000,0.1841,0.5090,0.6804,0.1757,0.8282,1.0000,0.1212,0.3501,0.2645,0.0012,0.1813,0.3104,0.2292,0.0045,0.8212,0.7175,0.4648,0.5121,0.8265,1.0000,1.0000,0.3978,0.4713,0.2328,0.0393
One_RF_112,1.0000,0.1991,0.5091,0.0020,0.5424,0.2203,0.6840,1.0000,1.0000,1.0000,0.3594,1.0000,0.2941,1.0000,0.0039,0.7539,1.0000,0.4030,0.3442,0.4234,0.1765,0.6227,0.1358,0.2562,0.1073,0.7645,1.0000,0.4155,0.3352,1.0000,0.6052,0.6891,0.5794
One_RF_295,1.0000,1.0000,1.0000,-,1.0000,1.0000,1.0000,-,-,1.0000,1.0000,1.0000,1.0000,1.0000,1.0000,1.0000,1.0000,1.0000,1.0000,1.0000,1.0000,1.0000,0.0169,-,1.0000,1.0000,1.0000,1.0000,1.0000,1.0000,1.0000,1.0000,1.0000
One_rpo2j_261,0.2642,0.6429,0.2409,0.8121,0.6317,0.4921,0.8030,0.0577,0.7959,1.0000,0.0580,0.4822,0.8278,0.0209,0.5268,0.6126,0.5503,0.7890,0.7257,0.1854,1.0000,0.6306,0.7959,0.3740,0.2231,0.6425,0.0583,1.0000,0.6548,0.6535,1.0000,1.0000,0.6081
One_sast_211,0.1818,1.0000,1.0000,0.1499,1.0000,1.0000,1.0000,0.0639,1.0000,1.0000,1.0000,1.0000,1.0000,1.0000,1.0000,1.0000,1.0000,0.0412,1.0000,0.1467,1.0000,1.0000,1.0000,0.1612,0.2616,0.0553,1.0000,0.2207,1.0000,1.0000,0.0525,-,0.2229
One_spf30_207,0.8039,0.2527,0.1376,1.0000,0.4755,0.7919,0.8215,1.0000,0.4983,0.5755,0.1101,0.5213,0.2927,0.4157,1.0000,0.7717,0.7539,1.0000,0.7577,0.3817,0.3623,0.1714,1.0000,0.7585,0.3028,0.7729,0.5019,0.2495,0.6256,0.4822,1.0000,1.0000,0.0001
One_ssrd_135,1.0000,0.6810,0.0942,0.8278,0.5138,0.5100,0.0611,0.0824,0.2998,1.0000,0.1472,0.4112,1.0000,0.0393,0.4281,1.0000,0.2155,1.0000,0.0245,0.2119,0.0865,0.6748,0.6811,0.1700,1.0000,0.6830,0.8343,0.2798,0.6697,0.8336,0.0394,0.6628,0.3865
One_STC_410,1.0000,0.2777,0.0323,0.1572,0.3649,0.8089,1.0000,0.7885,0.3140,0.5216,0.8151,0.4840,0.6804,0.6127,1.0000,0.7866,0.5532,0.0122,0.3607,0.8252,0.6218,0.8017,1.0000,1.0000,1.0000,0.2629,0.3455,0.6429,0.4929,0.4713,0.3019,0.2877,0.5217
One_STR07,0.2949,0.5127,0.6712,0.8266,0.6678,1.0000,0.2120,1.0000,1.0000,0.8376,0.6452,0.5794,0.2418,1.0000,1.0000,0.0696,0.5040,0.8306,1.0000,0.7507,0.6306,0.3265,0.0900,0.5206,1.0000,0.4098,0.8376,0.3049,0.2215,1.0000,0.5330,0.6759,0.0391
One_SUMO1_6,1.0000,1.0000,0.3498,1.0000,0.4516,1.0000,0.4103,1.0000,1.0000,1.0000,0.6148,0.5495,1.0000,0.1110,0.0795,0.7684,0.0488,1.0000,0.2917,1.0000,0.0077,0.0122,0.7385,0.0092,0.5151,1.0000,0.1598,1.0000,0.2723,0.1679,1.0000,0.5439,0.5937
One_sys1_230,0.8008,0.6256,0.2838,0.2538,0.3680,0.0326,0.4791,1.0000,1.0000,0.3870,1.0000,0.3444,0.1933,0.6548,0.6804,0.0326,1.0000,0.0443,0.5238,0.3606,0.5577,0.7857,0.5755,1.0000,0.4524,0.6164,0.6287,0.2677,0.4854,0.5166,0.5007,0.5300,0.0341
One_taf12_248,1.0000,0.5481,1.0000,1.0000,0.0011,0.3726,0.1955,1.0000,0.6839,1.0000,1.0000,1.0000,1.0000,1.0000,1.0000,0.1515,0.1423,1.0000,1.0000,1.0000,1.0000,1.0000,1.0000,1.0000,1.0000,1.0000,1.0000,0.6414,0.3493,1.0000,0.7944,0.3495,-
One_Tf_ex10_750,1.0000,1.0000,1.0000,-,1.0000,1.0000,1.0000,0.1719,1.0000,1.0000,1.0000,1.0000,1.0000,0.0064,1.0000,0.1727,0.5091,0.2864,1.0000,1.0000,0.7162,0.7645,1.0000,0.5103,0.7576,1.0000,1.0000,1.0000,1.0000,1.0000,1.0000,1.0000,0.2099
One_Tf_ex3_182,0.7768,0.6226,0.5915,0.5696,1.0000,0.3565,0.4499,1.0000,0.1979,0.2445,0.8194,0.6127,0.5084,0.1187,0.0714,1.0000,0.1363,0.4557,0.2721,0.4929,0.3077,0.1003,0.4930,0.5736,1.0000,0.3369,0.8207,0.7780,0.4983,0.7956,1.0000,0.5958,0.0792
One_tshB_92,1.0000,1.0000,0.5891,1.0000,1.0000,0.1914,1.0000,0.4773,0.5938,1.0000,1.0000,1.0000,1.0000,1.0000,1.0000,0.0003,0.5911,1.0000,1.0000,0.0395,0.0542,1.0000,1.0000,1.0000,0.3150,1.0000,1.0000,1.0000,0.6064,0.5938,0.5887,1.0000,1.0000
One_U1003_75,0.5697,0.1974,0.1805,0.7797,0.0406,0.2925,0.3909,1.0000,0.5743,0.1290,0.3038,0.5176,0.8315,0.1619,1.0000,0.4816,0.1584,0.1357,0.5696,0.0031,0.0807,0.3210,0.1055,0.1111,0.2317,0.2851,1.0000,0.5752,0.3623,0.7881,0.1298,0.5565,0.1782
One_U1004_183,0.5142,0.5365,0.6745,0.1438,0.1229,0.3952,1.0000,1.0000,0.5317,0.6743,1.0000,0.6956,1.0000,1.0000,0.0015,0.0905,0.0651,0.0464,0.7590,1.0000,0.3853,0.5124,0.2976,1.0000,0.1693,0.6861,0.2644,1.0000,1.0000,0.7719,1.0000,1.0000,1.0000
One_U1009_91,0.5317,1.0000,0.0388,0.8274,0.2880,0.5267,1.0000,0.4873,1.0000,0.6810,0.8320,0.1299,0.8212,0.5002,0.0158,0.8216,0.3405,0.4600,0.2529,1.0000,0.4300,0.6362,0.3448,0.5463,0.8077,0.8194,0.5384,0.5329,0.1526,0.3978,0.5375,0.6781,0.2698
One_U1010_81,-,-,-,-,-,1.0000,1.0000,-,-,1.0000,1.0000,1.0000,-,1.0000,1.0000,0.1956,1.0000,0.1836,0.3077,1.0000,1.0000,1.0000,1.0000,1.0000,-,1.0000,-,-,-,-,1.0000,-,0.2615
One_U1012_68,0.3731,0.6469,0.3034,0.0794,0.7970,0.8084,0.5936,1.0000,0.8343,0.0833,0.3021,1.0000,0.5909,1.0000,0.1358,0.0002,0.0543,1.0000,1.0000,1.0000,1.0000,0.5963,1.0000,1.0000,0.6575,0.1638,0.4345,0.6499,0.8240,0.1098,0.8113,0.1187,1.0000
One_U1013_108,0.1920,0.4544,1.0000,1.0000,0.4234,0.5994,0.1569,1.0000,0.3558,1.0000,1.0000,1.0000,1.0000,1.0000,0.0000,0.5227,0.1078,0.4214,1.0000,0.2306,0.5906,1.0000,0.2679,1.0000,0.4287,0.5058,1.0000,0.3558,1.0000,0.3093,0.5439,0.6367,0.5640
One_U1014_74,0.2184,1.0000,1.0000,0.0614,0.2835,1.0000,0.5962,0.4003,1.0000,1.0000,0.1826,1.0000,1.0000,0.7707,1.0000,0.5101,0.4137,0.3487,1.0000,0.1152,0.7581,0.0079,0.2306,1.0000,0.1092,0.1073,0.6375,0.0200,0.1321,0.8207,0.8046,0.3829,0.1187
One_U1016_115,0.4788,0.8194,1.0000,0.8137,1.0000,0.6368,0.6712,0.3021,0.8274,0.1039,0.6389,0.1276,0.3654,0.5166,0.1855,1.0000,1.0000,0.6563,0.5580,0.6493,0.5071,0.2769,1.0000,0.1096,0.8030,1.0000,1.0000,0.2589,0.8151,0.4368,0.3532,1.0000,0.8039
One_U1024_197,1.0000,1.0000,1.0000,1.0000,1.0000,1.0000,1.0000,1.0000,1.0000,1.0000,1.0000,1.0000,1.0000,1.0000,1.0000,0.0110,1.0000,0.1800,1.0000,1.0000,1.0000,0.4103,0.4544,1.0000,1.0000,1.0000,0.0525,1.0000,1.0000,1.0000,1.0000,1.0000,0.0773
One_U1101,0.1128,1.0000,1.0000,0.5985,1.0000,1.0000,1.0000,0.1407,0.3538,1.0000,0.0239,0.1886,1.0000,0.1513,1.0000,0.1858,1.0000,0.0052,1.0000,0.0103,0.5481,1.0000,0.1513,0.3685,0.4743,1.0000,0.4031,0.2267,1.0000,1.0000,0.6191,0.6191,0.4326
One_U1103,1.0000,1.0000,1.0000,1.0000,1.0000,1.0000,1.0000,1.0000,1.0000,1.0000,1.0000,1.0000,1.0000,1.0000,-,1.0000,1.0000,-,1.0000,-,1.0000,1.0000,1.0000,-,1.0000,-,1.0000,1.0000,1.0000,1.0000,1.0000,0.3122,-
One_U1105,1.0000,0.6288,1.0000,0.6521,0.2769,0.5271,1.0000,1.0000,1.0000,0.5906,0.7727,0.7293,0.1912,0.1321,1.0000,0.3464,0.3768,0.3495,0.4222,0.0041,1.0000,1.0000,1.0000,1.0000,1.0000,0.5145,1.0000,1.0000,0.5938,0.5481,1.0000,1.0000,1.0000
One_U1201_492,0.6331,0.8271,0.6473,1.0000,0.6402,0.0383,1.0000,0.1913,0.8170,0.1922,1.0000,0.6796,0.3065,0.2906,0.1945,1.0000,0.8327,0.5093,0.0757,0.2741,0.5317,0.2922,0.5365,0.4393,1.0000,0.2150,0.6531,0.5047,1.0000,0.4371,0.1348,0.4007,0.6810
One_U1202_1052,0.6213,0.1206,1.0000,0.2759,0.0672,0.1815,0.2659,0.8079,0.8110,0.8218,0.0868,0.3082,0.8382,0.5309,1.0000,0.2214,0.8309,0.0845,0.6048,0.0331,0.1894,0.0524,0.6470,0.4258,0.1846,1.0000,1.0000,0.0932,0.2495,0.8194,0.5303,1.0000,0.5288
One_U1203_175,0.1941,0.2936,0.6749,0.5139,1.0000,0.0916,0.6780,0.3574,0.6764,1.0000,0.1974,0.1877,0.2926,0.3407,0.0905,0.2778,0.3925,0.5099,1.0000,0.3743,0.3042,0.3870,0.2117,0.0293,0.8063,1.0000,0.0955,0.6826,0.6809,0.0608,0.0391,0.1399,0.0855
One_U1204_53,0.5930,1.0000,0.8030,1.0000,0.7981,0.3405,0.8227,0.3805,0.0560,0.0648,0.6738,0.8232,0.0427,0.5230,0.7734,0.5466,0.5503,0.0468,1.0000,0.2375,1.0000,0.5519,1.0000,0.5207,0.8021,0.6652,0.1249,0.7944,0.8097,0.2342,1.0000,0.6145,0.3873
One_U1205_57,1.0000,1.0000,-,1.0000,1.0000,1.0000,1.0000,1.0000,1.0000,-,1.0000,1.0000,1.0000,1.0000,1.0000,1.0000,1.0000,0.3212,1.0000,1.0000,0.1782,1.0000,0.4977,1.0000,1.0000,1.0000,1.0000,1.0000,1.0000,-,-,-,1.0000
One_U1206_108,1.0000,1.0000,0.3514,0.0121,0.3471,0.3487,0.6891,1.0000,1.0000,0.6064,1.0000,1.0000,0.1513,0.2723,1.0000,0.2375,0.5969,1.0000,0.2895,0.7328,0.6840,1.0000,0.1569,0.1854,0.3411,0.0098,0.6956,0.5963,1.0000,0.2435,1.0000,0.6876,1.0000
One_U1208_67,0.3778,1.0000,0.2385,0.7784,0.5501,0.3683,0.5783,1.0000,0.4391,0.4218,0.0060,0.7990,0.3578,1.0000,0.6795,0.5915,0.3710,0.0354,0.4891,0.1022,0.5464,1.0000,0.5752,0.2647,0.7489,0.2167,0.1460,0.2148,1.0000,0.6429,0.2103,0.4008,0.4469
One_U1209_111,0.5293,0.6984,0.7607,0.7470,0.0185,0.5749,1.0000,1.0000,0.5213,0.3829,0.2212,0.5070,1.0000,0.2882,0.0273,0.5609,1.0000,0.7418,1.0000,0.6414,0.1138,1.0000,0.5930,1.0000,0.6777,0.7319,0.5482,0.7861,0.4580,0.7729,0.0287,1.0000,1.0000
One_U1210_173,1.0000,0.5930,0.2745,0.4292,1.0000,1.0000,1.0000,1.0000,1.0000,0.2207,1.0000,1.0000,1.0000,0.2640,1.0000,1.0000,1.0000,-,-,-,1.0000,-,-,1.0000,1.0000,1.0000,1.0000,1.0000,0.1082,1.0000,1.0000,0.4544,0.5909
One_U1212_106,0.7830,1.0000,1.0000,0.1443,1.0000,0.6622,0.3738,0.7961,0.6652,1.0000,0.2175,0.6767,1.0000,0.8354,1.0000,0.2083,0.8316,0.2119,0.7978,0.8306,0.3649,0.1388,0.5351,0.2969,1.0000,1.0000,0.1383,0.3964,0.6700,0.0545,0.3549,1.0000,0.2850
One_U1214_107,-,-,-,-,-,-,-,-,-,-,1.0000,1.0000,-,1.0000,0.0000,0.2345,1.0000,1.0000,1.0000,1.0000,1.0000,1.0000,0.1836,0.0072,1.0000,-,-,-,-,-,-,-,0.0781
One_U1216_230,0.3167,0.1233,0.4544,1.0000,0.5904,1.0000,1.0000,0.6016,0.7293,0.4977,0.0701,0.2896,0.6839,0.3450,1.0000,1.0000,0.3733,0.6758,0.1941,1.0000,0.7551,0.0870,0.1716,0.3852,1.0000,1.0000,0.2613,0.0372,0.6883,0.1068,0.6191,0.5439,0.0803
One_U301_92,0.4139,0.1233,0.5901,1.0000,1.0000,0.6064,0.3167,0.1375,0.2635,0.3482,0.1676,0.5104,0.2676,0.3437,1.0000,0.1625,0.3322,0.0411,0.0070,1.0000,0.7304,0.0504,0.3623,0.4854,0.2195,0.3655,1.0000,0.6575,1.0000,1.0000,0.0322,1.0000,1.0000
One_U401_224,0.7543,0.7749,1.0000,1.0000,1.0000,0.2833,0.3067,0.2178,1.0000,0.6145,0.1727,1.0000,0.7729,1.0000,1.0000,0.8015,0.6470,0.3147,1.0000,0.7977,0.0648,0.6367,0.3637,1.0000,0.7885,1.0000,0.8113,0.6051,0.0127,1.0000,1.0000,0.5482,0.5020
One_U404_229,1.0000,1.0000,1.0000,1.0000,0.0789,1.0000,1.0000,1.0000,1.0000,1.0000,0.2186,1.0000,1.0000,0.1800,0.2352,0.3340,1.0000,1.0000,1.0000,1.0000,1.0000,1.0000,1.0000,1.0000,1.0000,1.0000,1.0000,1.0000,1.0000,0.1886,0.2640,1.0000,0.3122
One_U502_167,1.0000,-,-,-,-,-,1.0000,-,1.0000,-,1.0000,1.0000,-,-,-,1.0000,1.0000,1.0000,1.0000,1.0000,1.0000,1.0000,1.0000,-,1.0000,1.0000,1.0000,1.0000,1.0000,1.0000,-,1.0000,0.1437
One_U503_170,0.2027,1.0000,0.2723,0.0816,1.0000,1.0000,0.7000,1.0000,0.4509,0.7093,0.3921,0.7453,1.0000,0.2882,1.0000,0.4277,1.0000,0.6807,1.0000,0.3151,0.6390,0.6839,1.0000,0.5792,1.0000,1.0000,0.0547,1.0000,0.1080,0.6883,1.0000,0.5017,0.2388
One_U504_141,0.1088,0.3299,0.4903,0.7855,0.7956,0.7941,0.4223,1.0000,0.0391,0.0473,0.3444,0.2579,0.6178,1.0000,1.0000,0.4629,0.3468,0.1363,0.5250,0.1059,0.4643,0.6260,0.6628,0.5095,0.4178,0.6112,0.0933,1.0000,0.6505,0.8151,0.1581,0.7963,0.2372
One_vamp5_255,0.4694,0.0815,0.2719,0.8057,0.7841,0.3801,0.8014,0.2762,0.3637,0.7902,1.0000,1.0000,0.8046,0.8170,0.5985,0.7717,0.8121,0.0512,0.0524,0.8106,0.6470,0.4533,0.3245,0.0464,0.4288,0.2429,0.8059,0.2701,0.7872,0.6236,0.0694,0.8290,0.0364
One_vatf_214,1.0000,1.0000,0.3811,0.4021,1.0000,0.2281,0.2235,0.0719,0.6008,0.7566,0.7197,1.0000,0.6840,0.0959,1.0000,0.1365,0.7284,0.2993,1.0000,0.4630,0.2070,0.4456,0.2267,1.0000,1.0000,1.0000,1.0000,0.7735,0.0421,0.7881,0.0315,0.3921,1.0000
One_VIM_569,1.0000,0.6209,0.1858,0.2225,1.0000,1.0000,0.5698,0.0606,1.0000,1.0000,0.2613,0.2893,0.5114,0.3469,0.0715,0.5027,0.5910,0.0005,1.0000,0.2865,0.4277,1.0000,1.0000,1.0000,0.4875,0.7566,1.0000,0.6839,1.0000,0.2207,0.2229,0.3196,0.1782
One_ZNF_61,0.8255,0.5084,1.0000,1.0000,0.3929,0.5265,1.0000,0.0411,0.8352,1.0000,0.0364,0.8334,0.3960,0.5141,0.7809,0.0212,0.1530,0.0212,1.0000,0.2402,1.0000,1.0000,0.6470,0.5966,0.5300,0.6766,0.2953,0.5359,0.1336,0.6622,0.4146,0.5281,0.6787
One_zP3b,1.0000,1.0000,-,1.0000,1.0000,1.0000,-,1.0000,1.0000,1.0000,1.0000,1.0000,1.0000,1.0000,0.5620,1.0000,1.0000,1.0000,1.0000,1.0000,1.0000,1.0000,1.0000,1.0000,1.0000,1.0000,1.0000,1.0000,1.0000,1.0000,-,-,1.0000
One_Omy77v4,0.4026,0.6926,0.5400,0.7321,0.3634,0.6762,0.0938,0.7973,0.2428,0.1033,0.5460,0.1165,0.0676,0.7631,0.9427,0.3657,0.0157,0.7205,0.2753,0.5499,0.8364,0.7016,0.6664,0.6214,0.6177,0.0660,0.9816,0.2079,0.5763,0.7287,0.3301,0.7560,0.5285
One_One100,0.8693,0.7392,0.3095,0.1393,0.4331,0.0348,0.0825,0.8089,0.3833,0.3809,0.3511,0.4995,0.0680,0.7743,0.4769,0.4580,0.4495,0.2695,0.0801,0.7416,0.7952,0.0685,0.3641,0.7570,0.3056,0.5261,0.3804,0.5279,0.2664,0.8579,0.3191,0.7254,0.8735
One_One102v4,0.0404,0.1629,0.5497,0.5188,0.7300,0.9449,0.7825,0.3650,0.4066,0.6200,0.1940,0.7786,0.0368,0.0311,0.5457,0.6604,0.2397,0.1417,0.7641,0.0169,0.2230,0.0122,0.6191,0.0226,0.6063,0.3111,0.6864,0.1294,0.4922,0.5168,0.8721,0.9210,0.4701
One_One103PT,0.2203,0.3145,0.3727,0.0559,0.2942,0.9742,0.4523,0.8477,0.6998,0.2972,0.0485,0.0854,0.6911,0.5132,0.3836,0.5226,0.0368,0.2461,0.1261,0.0131,0.8929,0.8470,0.2821,0.0086,0.4022,0.1511,0.0705,0.4606,0.3510,0.0569,0.0516,0.4192,0.2315
One_One105,0.2379,0.5544,0.0602,0.1474,0.1025,0.6617,0.7846,0.3609,0.5466,0.4554,0.6518,0.0885,0.8965,0.2604,0.4709,0.7114,0.0422,0.5004,0.9851,0.1761,0.0933,0.1876,0.7292,0.0280,0.4571,0.3773,0.7543,0.7950,0.2779,0.9231,0.9738,0.5846,0.8599
One_One108v4,0.4979,0.4802,0.2746,0.5320,0.6884,0.9712,0.9872,0.4982,0.7215,0.8644,0.2580,0.0790,0.3032,0.1419,0.9941,0.5181,0.0041,0.6502,0.3169,0.3556,0.6655,0.2337,0.1024,0.0151,0.6781,0.5957,0.1275,0.3607,0.5155,0.7445,0.0192,0.2568,0.6527
One_One110v4,0.6940,0.8753,0.8444,0.0087,0.0241,0.7599,0.7200,0.7416,0.8242,0.6184,0.8959,0.2037,0.4439,0.9010,0.3156,0.0108,0.2605,0.5456,0.0068,0.1990,0.5356,0.1028,0.5904,0.9599,0.5505,0.1901,0.8157,0.0380,0.9297,0.8589,0.6775,0.0088,0.5619
One_One111v4,0.4947,0.1202,0.0367,0.5536,0.7550,0.8859,0.2665,0.4363,0.7940,0.2375,0.5497,0.1213,0.3455,0.0266,0.6849,0.0958,0.3144,0.9395,0.1493,0.0000,0.5479,0.0029,0.8193,0.0656,0.7198,0.2548,0.0449,0.0316,0.9493,0.2338,0.3995,0.7256,0.8986
One_One114v4,0.7410,0.3640,0.3676,0.0444,0.3642,0.4374,0.4611,0.8475,0.3872,0.9301,0.8294,0.3321,0.3756,0.9644,0.6886,0.0549,0.1305,0.6660,0.3160,0.2607,0.8358,0.5866,0.0436,0.8285,0.4764,0.1884,0.7888,0.2432,0.2600,0.4517,0.2757,0.5992,0.6593
One_One115,0.4618,0.7628,0.2962,0.5210,0.2680,0.8491,0.4978,0.7571,0.9343,0.6200,0.2879,0.4056,0.3639,0.8466,0.8766,0.7361,0.8840,0.4985,0.2087,0.2241,0.6491,0.1237,0.5359,0.4879,0.1611,0.7741,0.6938,0.2171,0.2492,0.0145,0.6029,0.9070,0.2350
One_Ots103v4,0.1891,0.6010,0.1723,0.4338,0.8912,0.3072,0.4377,0.5166,0.6979,0.5167,0.0161,0.6393,0.1070,0.3082,0.9446,0.3189,0.0578,0.9040,0.4655,0.1290,0.3149,0.2926,0.6066,0.9859,0.6417,0.8679,0.3482,0.5039,0.7952,0.9098,0.5611,0.6945,0.7814
One_Ots107v4,0.9348,0.6053,0.6838,0.3830,0.7881,0.9325,0.0836,0.4417,0.2723,0.7767,0.1308,0.2233,0.2483,0.8903,0.0083,0.5216,0.2064,0.9633,0.0865,0.5225,0.8168,0.3591,0.5695,0.7716,0.8857,0.5313,0.2503,0.7519,0.0453,0.9344,0.7787,0.0371,0.6321
One_uSat60v4,0.9770,0.2557,0.5854,0.5621,0.3873,0.6028,0.8609,0.3924,0.8643,0.7615,0.6604,0.8187,0.0009,0.7667,0.7905,0.3843,0.0730,0.6207,0.0538,0.0925,0.4621,0.6196,0.5894,0.6459,0.3709,0.3341,0.5869,0.2458,0.7112,0.8770,0.0300,0.2201,0.6406
