2 3.5 0.1

2
094	098	100	104	106	110	114	116
1	4	44	67	33	5	1	1

4
207	211	215	219	223	227	231	235	239	243	247	255
6	6	2	4	12	12	23	36	26	17	11	1

4
166	174	186	194	198	206	210	214	218	262	270	278	282	286	290	294	298	302	306	310	314	318	322	326	330	334	342	358
1	1	1	2	2	3	7	3	1	1	2	16	8	8	9	9	8	11	8	21	11	8	2	7	3	1	1	1

4
172	184	188	192	196	200	204	208	212	216	220	224	228	232	236	240	244	248	252	260
1	3	8	20	22	15	29	29	7	1	2	1	1	3	3	1	3	1	2	2

4
226	230	234	238	242	246	250	254	256	258	260	262	266	270	274	278	282	286	290
2	3	8	34	25	1	26	5	1	18	1	9	2	12	4	2	1	1	1

4
198	202	206	210	230	234	238	242	246	262	266	270	274	278	282	286	290	294	298	302	330
14	45	15	11	2	1	5	4	5	2	2	7	8	12	10	3	3	2	2	2	1

4
215	219	223	227	231	235	239	243	247	251	255	259	263	267	271	275	279	283	287	291
1	9	3	1	6	9	10	6	14	13	15	13	16	8	10	7	3	1	3	4

4
169	173	181	185	189	197	201	205	209	213	217	221	225	229
1	3	3	2	1	17	10	19	18	32	21	19	7	3

4
149	153	157	161	165	169	173	177	181	185	189	193	197	201	205
3	2	49	29	3	15	1	1	10	5	7	7	2	4	18

2
116	118	120	128	130	132
73	9	1	64	3	2
