000	096	098	100	104	106	108	110	114
4	1	5	59	79	33	1	7	1
207	211	219	223	227	231	235	239	243	247	251	255
3	1	12	13	10	30	52	35	20	9	1	4
000	162	166	170	178	186	190	198	202	206	210	214	218	262	266	270	274	278	282	286	290	294	298	302	306	310	314	318	322	326	330	334	342	346
2	2	1	1	1	2	2	1	2	1	8	6	1	1	2	2	3	6	3	7	11	12	15	11	30	20	15	7	2	3	5	1	2	2
172	176	180	184	188	192	196	200	204	208	212	216	220	224	232	236	240	244	248	256	260	268
1	3	2	1	9	31	31	13	32	26	9	2	3	1	5	6	1	2	2	7	2	1
230	234	238	242	246	250	254	256	258	262	266	270	274	282	286	290	294
4	2	48	38	4	27	7	3	14	13	3	13	7	2	1	3	1
000	194	198	202	206	210	214	230	234	238	242	246	250	266	270	274	278	282	286	290	294	298	302	326
6	3	25	38	21	5	1	3	5	2	5	4	1	6	3	11	11	13	17	4	3	1	1	1
215	219	223	227	231	235	239	243	247	251	255	259	263	267	271	275	279	283	287	291	295	299
1	10	1	5	8	6	11	12	18	16	19	18	10	11	11	11	7	2	3	7	1	2
000	173	189	193	197	201	205	209	213	217	221	225	229
4	1	4	2	26	10	18	25	41	27	17	9	6
149	157	161	165	169	177	181	185	189	193	197	201	205	213
2	74	26	11	19	5	16	3	5	11	1	3	13	1
000	114	116	118	128	132
8	2	85	7	85	3
