000	094	098	100	102	104	106	108	110
10	3	2	53	2	94	21	1	4
207	211	215	219	223	227	231	235	239	243	247	251	255
5	9	4	17	23	18	36	32	22	15	6	2	1
000	190	194	198	206	210	214	218	258	262	266	270	274	278	282	286	290	294	298	302	306	310	314	318	322	326	330	334	338	350	354	358
4	3	1	1	2	10	1	2	1	2	2	1	2	13	10	7	20	10	13	7	24	19	9	8	4	2	4	1	1	2	2	2
172	176	180	184	188	192	194	196	200	204	208	212	216	220	224	232	236	240	244	248	252
1	1	2	11	7	25	2	31	14	37	8	22	7	7	2	4	4	2	1	1	1
218	226	230	234	238	242	246	250	254	256	258	262	266	270	274	278	286	290
1	1	3	6	44	29	15	22	15	1	16	15	4	9	6	1	1	1
000	186	194	198	202	206	210	230	234	238	246	266	270	274	278	282	286	290	294	298	338	350
6	1	2	33	61	14	8	2	2	2	6	3	7	3	16	8	5	2	3	4	1	1
171	215	219	223	231	235	239	243	247	251	255	259	263	267	271	275	279	283	287	291	344
2	4	5	1	6	7	6	19	25	18	12	14	29	11	9	11	3	3	2	1	2
000	173	177	181	185	189	193	197	201	205	209	213	217	221	225	229	233
4	2	1	3	1	2	3	17	14	12	35	37	30	18	8	1	2
000	133	149	153	157	161	165	169	173	177	181	185	189	193	197	201	205	209
4	1	4	2	24	53	3	6	4	9	11	12	5	11	4	4	32	1
114	116	118	120	128	130
3	84	5	4	87	7
