000	094	098	100	104	106	108	110	114
12	3	2	48	95	20	3	6	1
207	211	215	219	223	227	231	235	239	243	247	251
9	7	3	16	17	16	29	28	33	23	7	2
174	178	190	194	202	206	210	214	218	262	266	270	274	278	282	286	290	294	298	302	306	310	314	318	322	326	330	342	346	350	354	362
1	3	5	2	1	1	7	7	1	2	2	1	1	14	2	15	8	12	17	11	13	15	11	14	10	3	4	3	1	1	1	1
176	180	184	188	192	196	200	204	208	212	216	220	224	228	232	236	240	244	252	256	272
1	1	4	12	40	35	13	29	10	12	6	1	4	1	2	6	3	2	3	4	1
230	234	238	242	246	250	254	256	258	262	266	270	274	278	290
5	11	47	22	9	19	7	7	25	16	4	12	4	1	1
000	198	202	206	210	230	238	242	246	250	254	258	266	270	274	278	282	286	290	294	298	302	306
4	27	57	19	8	1	2	2	4	1	1	3	5	5	2	15	16	3	6	4	2	1	2
171	215	219	223	227	231	235	239	243	247	251	255	259	263	267	271	275	279	283	287	291	295	307
1	5	9	2	3	11	5	13	13	15	16	12	14	20	15	8	9	3	4	3	3	5	1
000	173	177	181	185	189	197	201	205	209	213	217	221	225	229	233
2	1	1	4	1	1	14	6	32	25	40	29	19	9	5	1
000	145	149	153	157	161	165	169	173	177	181	185	189	193	197	201	205	209
2	2	5	2	16	60	11	9	4	4	4	20	3	11	8	9	19	1
114	116	118	120	128	130
5	86	8	8	82	1
