Ind Pop One_Omy77v4_1 One_Omy77v4_2 One_One100_1 One_One100_2 One_One102v4_1 One_One102v4_2 One_One103PT_1 One_One103PT_2 One_One105_1 One_One105_2 One_One108v4_1 One_One108v4_2 One_One110v4_1 One_One110v4_2 One_One111v4_1 One_One111v4_2 One_One114v4_1 One_One114v4_2 One_One115_1 One_One115_2 One_Ots103v4_1 One_Ots103v4_2 One_Ots107v4_1 One_Ots107v4_2 One_uSat60v4_1 One_uSat60v4_2
RBL1_001 RBL1 100 110 340 356 227 243 286 314 128 132 196 212 238 238 202 206 243 279 209 221 157 205 114 080 116 128
RBL1_002 RBL1 100 104 344 344 227 231 306 306 132 140 192 204 238 262 210 266 243 267 197 205 161 205 114 114 116 128
RBL1_003 RBL1 100 104 332 348 235 235 298 306 128 132 192 216 238 250 198 202 227 243 209 213 157 197 114 080 116 116
RBL1_004 RBL1 104 106 352 368 235 239 282 290 124 140 196 232 238 266 206 210 243 243 209 221 185 189 110 114 116 116
RBL1_005 RBL1 104 108 336 364 235 239 194 326 128 128 192 240 230 238 202 202 271 295 217 225 161 201 110 114 116 128
RBL1_006 RBL1 104 106 332 352 231 235 282 314 124 124 188 192 250 258 246 274 243 271 205 217 161 161 110 114 116 116
RBL1_007 RBL1 104 104 336 336 227 243 262 290 128 132 208 212 246 270 198 202 263 271 205 213 177 181 114 114 116 128
RBL1_008 RBL1 100 106 340 348 231 239 282 290 128 128 184 188 242 270 202 278 243 259 205 209 185 205 110 118 116 116
RBL1_009 RBL1 104 114 356 356 231 235 286 290 128 128 204 212 238 258 202 210 259 275 189 217 169 205 110 114 128 128
RBL1_010 RBL1 100 104 336 356 211 231 266 314 128 132 192 236 250 262 202 270 231 259 173 213 161 185 114 080 128 128
RBL1_011 RBL1 100 098 312 344 231 231 290 302 128 128 188 192 250 250 202 238 247 255 213 213 161 189 110 110 116 116
RBL1_012 RBL1 100 098 352 356 235 235 298 306 124 128 192 196 230 242 202 202 255 263 205 205 169 205 110 080 116 128
RBL1_013 RBL1 104 094 340 356 239 239 290 306 128 128 192 228 242 250 202 206 247 255 201 213 153 161 110 114 116 128
RBL1_014 RBL1 100 104 296 324 227 231 310 314 124 128 196 212 250 278 206 278 247 251 217 221 169 169 114 114 116 116
RBL1_015 RBL1 104 104 278 320 219 243 290 302 124 132 188 216 250 250 198 230 255 263 213 221 161 205 114 118 116 128
RBL1_016 RBL1 100 106 348 352 227 227 214 314 124 128 192 196 242 256 198 198 247 255 213 213 161 181 110 110 116 128
RBL1_017 RBL1 104 098 340 356 239 239 278 286 128 140 192 204 250 258 198 198 231 263 197 209 177 201 114 114 128 128
RBL1_018 RBL1 100 104 296 344 231 231 190 210 128 140 212 212 238 270 202 202 251 259 189 201 161 161 114 114 116 130
RBL1_019 RBL1 104 104 340 364 231 239 298 342 128 128 192 200 230 246 246 286 267 275 213 221 173 177 114 114 116 116
RBL1_020 RBL1 000 000 352 364 223 231 302 306 124 132 192 196 238 242 198 206 247 263 217 217 161 165 114 080 116 116
RBL1_021 RBL1 100 098 316 336 219 223 262 266 128 128 200 220 242 294 202 206 231 263 000 000 185 205 114 114 118 128
RBL1_022 RBL1 000 000 336 352 219 227 310 314 128 132 196 204 230 250 230 262 000 000 213 229 177 177 110 114 128 128
RBL1_023 RBL1 100 104 356 356 231 239 282 306 128 136 196 212 234 258 282 286 219 255 217 217 193 205 110 114 128 128
RBL1_024 RBL1 100 104 356 356 219 231 306 322 128 128 180 216 238 238 202 282 259 267 213 217 185 201 110 080 128 128
RBL1_025 RBL1 104 110 316 340 231 243 286 294 128 136 208 212 230 266 202 210 239 271 205 209 157 205 110 114 116 116
RBL1_026 RBL1 100 104 344 364 235 235 302 314 128 128 200 208 238 238 198 282 243 255 201 221 149 161 114 114 116 116
RBL1_027 RBL1 100 106 320 332 227 247 318 318 128 128 196 212 238 262 202 278 239 259 217 221 157 189 110 118 116 128
RBL1_028 RBL1 100 104 328 352 219 231 330 338 128 128 192 212 226 238 128 128 255 267 205 209 161 193 110 080 112 128
RBL1_029 RBL1 104 104 356 360 223 235 306 310 128 128 188 212 230 250 198 202 219 267 205 225 193 197 110 114 116 128
RBL1_030 RBL1 100 102 348 348 207 239 286 310 124 128 204 208 258 262 202 298 243 263 217 221 157 205 114 114 116 120
RBL1_031 RBL1 100 106 320 340 235 239 290 306 128 128 196 232 242 242 198 206 259 271 213 217 157 185 114 118 116 128
RBL1_032 RBL1 100 106 336 340 219 235 290 310 128 128 256 256 230 242 202 262 243 279 205 221 157 193 114 114 116 116
RBL1_033 RBL1 104 106 340 340 231 231 290 322 124 128 200 208 238 238 202 274 251 263 197 201 201 205 110 080 116 128
RBL1_034 RBL1 104 104 336 356 215 239 310 310 128 132 200 216 234 254 198 202 251 255 205 221 185 205 114 114 116 116
RBL1_035 RBL1 100 114 352 360 223 235 286 298 128 128 184 196 238 250 198 202 255 263 205 209 169 205 110 118 116 116
RBL1_036 RBL1 100 100 324 356 211 235 302 314 128 128 192 232 238 242 198 202 255 255 213 217 157 161 110 118 128 128
RBL1_037 RBL1 100 100 332 348 215 239 310 350 124 128 192 204 250 254 202 298 275 275 209 217 205 205 110 110 116 128
RBL1_038 RBL1 100 100 352 356 227 231 294 298 128 132 192 192 246 254 198 286 255 271 201 205 161 185 114 118 128 128
RBL1_039 RBL1 100 104 336 348 227 239 274 302 128 128 188 256 258 258 282 282 223 243 209 225 161 181 114 118 116 128
RBL1_040 RBL1 104 098 328 344 235 247 326 354 128 128 192 208 250 258 198 294 223 259 205 205 193 205 114 118 118 118
RBL1_041 RBL1 100 104 320 348 235 247 310 326 128 136 196 196 250 250 202 206 247 251 213 221 161 161 114 080 114 128
RBL1_042 RBL1 104 106 348 352 223 227 302 310 124 136 176 192 242 250 206 210 255 255 217 221 161 201 110 114 114 128
RBL1_043 RBL1 104 104 332 360 223 235 278 286 124 128 188 216 250 258 202 206 239 251 197 205 161 185 110 114 116 116
RBL1_044 RBL1 104 106 356 356 223 235 278 286 128 136 188 192 234 258 198 282 247 275 197 209 145 177 114 114 116 128
RBL1_045 RBL1 106 094 328 360 219 231 290 294 124 128 200 204 238 238 202 282 231 251 209 217 161 165 110 114 116 128
RBL1_046 RBL1 104 098 352 364 227 231 194 210 124 128 192 196 238 250 198 278 219 259 221 225 161 161 114 114 128 128
RBL1_047 RBL1 106 110 336 356 235 243 318 346 124 132 192 192 238 294 194 206 255 259 205 217 157 201 114 114 116 130
RBL1_048 RBL1 104 094 328 352 235 243 286 298 124 128 192 204 230 238 198 238 251 267 185 221 149 157 110 114 118 128
RBL1_049 RBL1 102 104 308 344 219 227 282 302 128 132 196 208 238 246 202 206 219 259 205 213 205 205 114 118 128 130
RBL1_050 RBL1 104 110 336 344 215 219 210 214 128 128 192 204 238 254 202 206 219 255 197 209 161 201 110 080 116 128
RBL1_051 RBL1 104 104 328 352 211 239 278 314 128 132 200 208 234 238 206 286 243 251 209 213 161 205 114 080 116 128
RBL1_052 RBL1 100 104 336 348 239 239 278 290 128 128 192 208 258 262 198 206 243 243 213 221 177 201 110 110 116 128
RBL1_053 RBL1 100 104 316 344 231 235 282 290 128 140 204 208 238 270 202 298 223 259 205 213 157 161 114 122 116 128
RBL1_054 RBL1 100 106 336 340 235 239 310 310 128 128 192 196 238 246 202 266 275 275 205 225 161 193 114 114 128 128
RBL1_055 RBL1 100 096 332 352 231 235 278 286 128 140 192 204 238 258 198 230 267 271 217 225 173 205 114 114 116 130
RBL1_056 RBL1 100 098 340 352 231 235 302 306 128 128 204 220 258 258 198 206 251 271 197 197 193 205 110 080 116 128
RBL1_057 RBL1 104 106 344 356 215 243 294 302 128 128 208 216 242 242 202 206 239 251 217 229 189 205 114 114 114 116
RBL1_058 RBL1 104 106 336 356 231 239 210 278 128 132 196 212 238 250 198 202 255 271 205 209 189 213 114 114 116 128
RBL1_059 RBL1 104 098 328 344 227 239 310 326 124 132 204 228 246 266 246 294 239 267 217 221 161 177 114 118 118 128
RBL1_060 RBL1 104 104 356 360 219 235 194 310 128 132 192 196 238 254 202 246 227 251 201 217 161 161 114 114 116 128
RBL1_061 RBL1 106 114 340 348 231 235 278 314 128 128 192 224 250 270 202 278 243 259 197 217 161 205 114 114 114 128
RBL1_062 RBL1 104 110 344 356 223 247 274 302 128 132 188 196 254 282 202 202 263 291 209 217 157 213 114 114 116 116
RBL1_063 RBL1 100 106 336 348 223 247 306 314 128 132 196 196 246 254 202 270 263 267 205 213 177 181 118 122 116 128
RBL1_064 RBL1 100 104 336 344 239 251 270 282 124 140 212 220 242 250 246 282 247 275 217 217 161 161 110 080 128 128
RBL1_065 RBL1 106 110 316 364 235 243 294 294 128 136 204 208 270 270 202 274 279 291 177 221 185 189 114 114 116 118
RBL1_066 RBL1 100 100 336 356 219 231 278 294 128 128 180 252 234 238 194 198 235 251 217 217 157 161 110 114 116 116
RBL1_067 RBL1 104 090 348 360 231 243 310 326 128 128 196 240 258 266 206 278 251 275 209 217 157 177 114 114 116 130
RBL1_068 RBL1 104 106 348 356 227 239 274 306 128 128 204 224 246 250 198 202 231 271 205 221 185 189 114 080 116 128
RBL1_069 RBL1 104 104 336 356 211 227 294 302 128 128 188 208 238 242 198 198 263 263 197 197 157 185 114 080 116 118
RBL1_070 RBL1 100 100 320 340 227 235 302 302 124 128 196 220 234 270 198 202 267 271 197 217 157 157 110 114 116 128
RBL1_071 RBL1 100 108 340 356 223 231 306 346 124 132 200 200 238 250 202 214 251 271 201 217 185 201 114 118 116 128
RBL1_072 RBL1 100 104 312 356 227 235 290 294 140 140 208 208 242 258 238 290 231 247 213 213 161 161 110 118 116 116
RBL1_073 RBL1 106 106 340 356 231 247 286 358 128 128 196 196 238 254 202 274 219 251 181 217 161 165 118 118 114 128
RBL1_074 RBL1 104 108 332 368 235 235 298 306 128 128 204 216 238 242 210 250 219 247 201 205 157 201 110 110 116 128
RBL1_075 RBL1 100 106 340 356 231 235 278 290 128 128 204 204 234 270 202 270 259 267 213 221 169 185 114 114 116 128
RBL1_076 RBL1 100 104 340 344 231 251 266 310 128 128 200 208 258 266 206 342 251 251 213 221 201 205 114 114 116 116
RBL1_077 RBL1 104 106 344 368 211 215 210 314 128 140 196 196 250 262 202 206 251 259 205 217 185 201 110 080 116 128
RBL1_078 RBL1 100 110 352 356 231 247 178 194 128 140 188 204 254 270 246 286 255 259 217 221 157 181 118 080 116 128
RBL1_079 RBL1 100 100 336 348 231 235 306 310 128 140 208 208 246 250 202 278 223 231 209 209 161 201 114 118 116 128
RBL1_080 RBL1 104 106 316 356 235 235 326 350 128 128 208 252 234 242 198 198 239 267 205 221 161 205 114 118 116 128
RBL1_081 RBL1 108 110 344 352 215 235 310 314 128 128 208 212 226 258 206 242 251 283 217 225 181 193 114 080 116 118
RBL1_082 RBL1 104 110 328 332 223 235 270 298 128 132 196 200 238 250 202 210 243 255 209 217 161 205 110 110 116 118
RBL1_083 RBL1 100 104 336 352 219 235 306 310 128 140 188 192 238 246 202 278 231 243 209 209 157 161 114 114 116 116
RBL1_084 RBL1 104 110 340 368 211 215 270 310 128 140 200 200 238 254 250 294 231 243 197 213 193 201 114 118 128 128
RBL1_085 RBL1 104 106 356 356 215 243 298 326 128 128 204 204 250 258 278 286 259 267 213 217 177 205 114 114 128 128
RBL1_086 RBL1 104 106 316 352 235 251 286 306 128 136 192 208 258 270 202 282 243 243 209 209 177 205 114 114 116 116
RBL1_087 RBL1 100 110 316 352 219 235 210 306 128 128 196 204 238 258 202 278 251 279 201 221 161 161 114 118 116 128
RBL1_088 RBL1 106 114 320 348 231 235 310 314 128 136 204 204 270 286 202 270 000 000 201 217 165 181 114 114 000 000
RBL1_089 RBL1 104 106 344 348 227 243 286 322 128 132 184 192 250 250 198 206 227 271 201 217 161 205 110 114 116 116
RBL1_090 RBL1 100 104 356 356 235 239 310 318 124 128 196 196 238 238 286 290 259 263 173 197 193 205 114 114 116 116
RBL1_091 RBL1 100 100 320 352 227 231 190 298 128 128 204 212 242 270 282 286 255 255 209 225 165 181 114 114 116 128
RBL1_092 RBL1 100 106 316 336 227 231 294 310 128 128 200 200 242 250 198 202 247 263 217 221 169 193 114 114 116 116
RBL1_093 RBL1 104 106 348 356 231 235 214 290 128 140 196 196 238 254 202 274 259 279 217 221 161 205 114 114 128 128
RBL1_094 RBL1 100 104 332 352 231 235 182 294 128 132 200 204 238 242 202 258 263 275 000 000 161 193 114 080 000 000
RBL1_095 RBL1 104 104 344 348 219 235 322 326 128 128 204 204 242 262 198 206 235 263 209 217 185 205 114 118 000 000
RBL2_001 RBL2 100 104 348 356 227 243 286 298 124 132 196 212 258 270 198 202 251 271 209 209 157 197 114 114 128 128
RBL2_002 RBL2 100 104 316 320 239 243 278 298 128 128 184 252 250 258 198 206 259 275 213 225 161 185 114 114 116 116
RBL2_003 RBL2 104 106 312 340 227 243 286 326 128 128 192 196 238 246 238 278 231 243 217 221 165 201 114 114 128 128
RBL2_004 RBL2 100 100 332 344 211 227 294 298 128 128 196 236 230 238 202 206 263 275 205 213 157 161 110 118 116 116
RBL2_005 RBL2 104 104 340 356 239 239 278 286 128 128 204 208 238 242 198 206 251 267 201 229 161 161 114 114 116 128
RBL2_006 RBL2 100 106 340 348 227 239 278 294 128 128 192 212 238 242 202 294 231 255 205 209 157 161 114 114 116 120
RBL2_007 RBL2 100 104 340 356 235 239 286 318 128 128 200 204 250 250 202 202 247 251 209 213 157 161 114 114 128 128
RBL2_008 RBL2 104 104 320 348 235 243 286 298 128 128 204 204 234 256 206 258 235 275 217 229 185 205 114 114 116 128
RBL2_009 RBL2 104 104 340 352 227 243 214 282 128 128 176 196 234 238 198 274 215 263 205 217 161 161 110 114 116 128
RBL2_010 RBL2 100 104 348 360 219 239 298 314 128 128 204 224 254 262 202 286 271 275 205 221 161 165 110 114 116 128
RBL2_011 RBL2 104 104 316 344 219 235 294 318 128 132 200 204 250 266 202 278 251 259 197 217 157 161 114 122 120 128
RBL2_012 RBL2 100 100 320 348 207 223 302 306 128 128 204 216 238 238 198 206 243 243 225 225 169 173 114 114 116 128
RBL2_013 RBL2 100 104 300 340 207 207 302 306 128 128 192 204 238 242 198 206 263 291 221 225 157 185 114 080 114 116
RBL2_014 RBL2 104 104 340 340 207 223 310 322 128 128 196 208 246 266 198 306 219 267 177 205 161 197 114 118 116 116
RBL2_015 RBL2 104 104 300 364 223 243 266 286 128 132 196 196 238 262 250 278 239 267 181 213 161 185 114 114 116 128
RBL2_016 RBL2 104 104 320 364 219 227 218 286 128 132 192 196 258 258 202 210 231 247 217 225 161 201 114 114 128 128
RBL2_017 RBL2 100 104 344 356 235 243 178 302 128 140 196 200 238 262 202 282 219 275 205 221 145 177 114 122 116 116
RBL2_018 RBL2 100 104 348 356 223 239 286 322 132 132 192 204 238 262 206 206 247 279 205 217 181 185 110 114 128 128
RBL2_019 RBL2 104 106 336 364 227 231 190 302 128 128 192 196 238 246 198 202 231 247 209 221 161 201 114 114 116 128
RBL2_020 RBL2 104 104 340 360 223 231 214 298 128 128 192 224 238 262 202 202 227 271 205 205 161 205 110 110 116 128
RBL2_021 RBL2 000 000 332 356 235 251 306 326 124 128 196 204 254 262 282 282 263 275 213 221 165 205 114 114 128 130
RBL2_022 RBL2 100 104 332 332 211 239 294 302 124 128 192 216 238 256 202 202 227 243 181 217 161 161 114 118 116 116
RBL2_023 RBL2 104 106 340 352 223 231 278 286 128 140 200 212 238 238 266 302 275 295 197 221 161 201 114 114 114 116
RBL2_024 RBL2 100 100 336 352 231 239 274 306 128 140 192 204 238 274 198 202 283 287 205 213 161 185 114 080 116 128
RBL2_025 RBL2 104 104 352 364 223 235 206 210 128 128 192 236 256 270 198 198 239 255 209 213 157 161 114 118 120 128
RBL2_026 RBL2 104 110 340 356 223 235 262 278 128 140 192 236 230 242 000 000 251 255 209 213 157 161 118 080 116 128
RBL2_027 RBL2 100 104 348 348 219 243 178 286 128 140 188 208 238 262 202 278 219 275 197 213 145 177 114 122 116 116
RBL2_028 RBL2 100 104 332 344 231 239 286 314 128 128 196 208 234 238 278 290 251 307 197 205 161 161 114 122 116 128
RBL2_029 RBL2 104 104 316 332 235 243 290 310 128 128 192 192 258 258 206 246 251 263 197 217 157 161 114 114 128 128
RBL2_030 RBL2 104 106 336 364 227 239 210 330 128 128 184 192 238 258 202 282 259 287 185 197 149 169 118 118 116 128
RBL2_031 RBL2 100 108 332 340 231 235 310 330 132 140 196 196 238 258 210 282 231 267 197 201 205 205 110 080 116 116
RBL2_032 RBL2 100 106 352 352 207 231 262 278 128 128 184 204 238 256 198 202 219 267 209 209 161 185 114 114 116 128
RBL2_033 RBL2 104 104 332 336 239 247 270 298 124 128 196 204 238 242 202 294 243 247 213 217 161 185 114 080 116 116
RBL2_034 RBL2 104 104 332 344 219 243 318 330 128 132 192 236 266 274 274 290 219 263 201 205 149 161 114 114 116 128
RBL2_035 RBL2 104 104 340 348 227 243 314 322 124 124 192 192 238 270 198 282 215 255 205 205 161 161 114 114 116 120
RBL2_036 RBL2 104 104 328 352 211 243 214 278 124 128 192 192 238 254 202 266 239 283 205 217 161 177 114 114 116 128
RBL2_037 RBL2 106 106 324 364 219 239 286 314 128 128 200 204 238 258 202 278 235 243 205 217 157 193 110 114 128 128
RBL2_038 RBL2 104 104 340 340 211 239 310 330 128 128 192 192 234 234 202 278 259 267 197 217 169 197 110 114 118 128
RBL2_039 RBL2 104 104 340 360 219 223 214 298 128 128 192 224 238 262 202 202 259 271 205 205 161 205 110 110 116 128
RBL2_040 RBL2 104 104 340 356 219 235 322 342 128 128 216 244 238 270 198 202 239 295 213 213 153 197 114 114 116 128
RBL2_041 RBL2 104 104 356 360 231 235 318 322 128 128 196 204 242 250 202 202 251 259 205 209 173 205 110 114 116 116
RBL2_042 RBL2 100 110 320 360 223 239 290 318 128 136 212 212 254 258 000 000 235 251 213 217 161 161 110 114 116 128
RBL2_043 RBL2 104 094 250 340 223 239 210 306 132 136 196 256 250 270 198 278 219 247 197 205 169 205 114 080 118 120
RBL2_044 RBL2 100 108 344 352 227 239 286 322 124 132 192 196 234 238 202 210 231 239 209 209 161 185 114 118 116 116
RBL2_045 RBL2 100 100 328 336 227 239 214 310 128 128 192 196 242 258 198 202 239 263 201 209 157 205 114 114 128 128
RBL2_046 RBL2 000 000 300 352 215 231 278 294 128 128 180 236 238 242 270 270 239 283 213 221 169 201 110 114 116 128
RBL2_047 RBL2 100 104 336 364 207 223 298 310 128 128 200 204 238 270 278 282 259 267 205 213 161 173 080 080 116 128
RBL2_048 RBL2 100 110 316 344 207 247 278 298 124 128 192 200 258 258 198 290 283 295 217 229 193 201 110 114 128 128
RBL2_049 RBL2 104 104 332 336 231 235 278 294 128 128 208 240 246 278 206 290 255 255 209 217 161 165 114 118 116 128
RBL2_050 RBL2 106 114 316 316 235 239 310 314 128 136 188 208 230 234 202 246 223 251 213 221 185 205 114 114 116 128
RBL2_051 RBL2 100 104 328 340 231 239 278 306 128 132 196 208 242 242 202 202 247 263 213 221 149 161 114 080 116 118
RBL2_052 RBL2 100 094 332 352 235 243 290 306 124 128 196 196 242 250 198 282 239 251 213 217 161 193 114 118 116 128
RBL2_053 RBL2 104 104 332 364 243 243 298 342 132 132 188 212 238 262 202 282 239 255 181 209 149 185 110 118 116 128
RBL2_054 RBL2 000 000 332 356 231 239 310 318 124 128 212 256 238 258 242 278 239 239 209 213 173 181 114 114 116 116
RBL2_055 RBL2 104 110 352 356 227 231 210 342 128 128 196 204 242 258 202 206 263 271 205 217 161 165 114 118 128 128
RBL2_056 RBL2 100 100 352 356 215 219 318 362 128 128 204 252 238 270 266 270 259 263 197 217 161 205 110 114 128 128
RBL2_057 RBL2 104 104 340 360 211 231 298 314 128 128 192 224 250 262 198 202 259 271 205 221 161 161 110 110 116 128
RBL2_058 RBL2 100 098 340 356 219 231 294 306 128 132 208 212 238 258 206 238 227 279 201 213 161 161 110 114 116 128
RBL2_059 RBL2 100 094 340 364 231 239 294 350 128 132 204 220 234 242 198 258 219 275 205 217 169 201 114 114 114 128
RBL2_060 RBL2 100 104 352 368 231 247 290 294 128 132 184 196 250 254 246 258 267 267 205 221 201 209 110 114 116 128
RBL2_061 RBL2 106 106 340 372 235 251 294 310 128 128 200 240 242 250 202 202 243 263 213 213 149 193 114 114 116 118
RBL2_062 RBL2 104 104 316 356 235 243 306 322 128 136 188 188 256 290 210 230 171 259 205 213 000 000 110 114 116 128
RBL2_063 RBL2 100 104 300 332 207 231 278 306 124 128 192 192 238 242 206 278 243 291 205 225 169 197 114 080 114 120
RBL2_064 RBL2 106 110 348 352 219 223 290 310 128 128 192 204 242 258 202 278 223 239 217 229 161 189 114 080 128 128
RBL2_065 RBL2 100 110 344 360 223 235 294 322 128 128 188 208 250 250 266 278 215 295 213 217 189 201 114 080 116 116
RBL2_066 RBL2 000 000 332 348 223 223 302 322 124 128 200 216 238 250 210 282 231 271 209 213 189 193 114 114 116 120
RBL2_067 RBL2 104 104 332 340 219 231 278 310 128 128 188 240 238 274 242 286 247 255 205 213 157 185 114 080 116 128
RBL2_068 RBL2 104 104 336 336 231 235 194 302 124 128 212 232 238 274 202 202 231 295 217 217 161 193 114 118 116 128
RBL2_069 RBL2 104 106 356 356 211 239 210 298 132 136 196 228 230 250 282 286 267 287 197 213 157 165 114 080 116 128
RBL2_070 RBL2 104 106 336 352 239 247 190 318 128 128 192 192 250 258 202 206 247 267 209 213 197 205 110 114 116 116
RBL2_071 RBL2 106 108 340 364 227 235 318 322 132 140 192 204 242 258 290 298 271 279 213 233 161 177 114 080 116 128
RBL2_072 RBL2 100 106 344 356 207 231 290 314 128 132 204 252 246 270 202 278 239 267 213 217 161 185 110 114 116 128
RBL2_073 RBL2 104 106 344 356 235 243 298 310 128 140 196 200 238 242 202 210 259 263 217 221 161 197 114 114 116 128
RBL2_074 RBL2 100 104 348 356 231 239 178 194 124 128 204 208 254 262 198 206 251 251 217 225 157 165 114 080 128 128
RBL2_075 RBL2 104 104 340 364 235 239 202 310 128 128 192 212 234 270 254 270 263 263 209 209 193 205 114 114 116 116
RBL2_076 RBL2 104 104 352 364 239 243 290 302 128 140 196 204 242 262 206 290 235 291 213 221 181 205 114 114 116 128
RBL2_077 RBL2 100 100 360 368 219 219 302 318 132 132 200 204 246 266 282 306 259 263 173 229 165 193 114 114 116 128
RBL2_078 RBL2 000 000 270 368 239 247 282 314 128 132 192 192 238 262 202 202 231 255 000 000 185 205 114 118 116 116
RBL2_079 RBL2 000 000 360 360 231 235 302 314 128 128 192 204 230 234 198 266 243 247 209 213 161 193 114 114 128 128
RBL2_080 RBL2 104 104 300 332 235 243 306 318 124 132 188 192 250 262 202 294 231 247 205 213 161 161 114 080 116 128
RBL2_081 RBL2 104 104 336 356 211 243 190 290 128 132 188 200 238 242 210 270 263 263 209 221 161 181 110 114 128 128
RBL2_082 RBL2 100 106 344 356 227 243 278 306 124 132 204 256 238 262 202 278 251 267 181 197 185 193 114 080 120 128
RBL2_083 RBL2 104 104 340 352 231 239 174 318 128 132 200 212 258 258 202 282 219 263 213 221 161 185 110 114 116 116
RBL2_084 RBL2 100 100 332 348 215 235 302 314 124 128 192 216 246 250 198 282 251 255 201 225 157 157 110 118 116 128
RBL2_085 RBL2 100 104 344 344 223 227 190 318 128 136 188 272 238 242 210 298 219 255 189 209 193 205 114 114 116 128
RBL2_086 RBL2 100 104 332 340 227 243 314 354 128 128 188 196 238 250 202 246 231 243 213 225 161 205 114 080 128 128
RBL2_087 RBL2 100 104 344 364 231 235 294 310 128 132 204 256 246 270 198 206 247 267 213 213 161 169 114 122 114 118
RBL2_088 RBL2 100 106 348 356 231 239 214 326 124 140 188 196 256 270 202 202 247 263 197 217 153 165 110 114 116 118
RBL2_089 RBL2 100 104 320 352 219 239 266 306 124 124 196 212 246 258 202 282 215 251 205 205 165 185 110 114 116 116
RBL2_090 RBL2 100 104 340 348 231 243 214 298 128 128 196 236 238 258 198 202 255 259 213 221 161 185 114 114 128 128
RBL2_091 RBL2 104 104 270 356 235 247 210 318 128 128 192 244 256 262 202 206 243 259 209 221 185 205 114 114 116 118
RBL2_092 RBL2 100 104 258 340 235 239 286 298 124 128 196 216 242 270 198 202 215 243 197 205 161 185 110 114 116 116
RBL2_093 RBL2 104 106 336 360 219 231 190 210 128 132 196 196 254 258 202 294 247 247 213 221 197 205 110 114 116 128
RBL2_094 RBL2 104 098 316 364 231 247 286 298 124 128 192 196 234 258 198 202 243 263 213 217 161 169 114 114 116 118
RBL2_095 RBL2 104 104 344 360 235 239 310 346 128 128 204 232 238 250 206 282 235 267 209 217 161 165 114 080 128 128
RBL3_001 RBL3 100 110 352 356 223 235 000 000 124 128 188 196 234 238 000 000 255 259 209 217 181 201 114 118 116 128
RBL3_002 RBL3 100 104 332 340 235 239 318 322 128 128 204 212 250 274 198 266 251 267 209 217 161 193 110 114 116 116
RBL3_003 RBL3 000 000 340 344 235 235 190 306 128 128 204 212 242 270 206 246 247 259 221 225 193 205 114 114 114 116
RBL3_004 RBL3 100 104 332 348 231 243 298 334 124 128 196 200 238 238 186 266 243 247 189 205 173 177 114 114 116 128
RBL3_005 RBL3 104 104 344 352 231 251 294 306 000 000 188 204 238 274 206 282 243 263 213 213 161 185 114 080 128 128
RBL3_006 RBL3 000 000 332 344 235 239 294 306 128 128 212 240 246 262 202 282 263 271 213 233 161 165 110 122 128 130
RBL3_007 RBL3 104 106 348 352 223 231 294 310 000 000 196 204 230 238 202 202 247 275 205 217 169 205 110 080 128 128
RBL3_008 RBL3 104 104 340 352 219 227 290 314 128 144 196 208 242 250 000 000 247 263 197 213 181 185 110 114 116 128
RBL3_009 RBL3 100 104 328 340 219 227 310 314 128 128 200 216 242 262 198 278 255 263 205 225 161 201 110 114 128 130
RBL3_010 RBL3 106 106 340 364 223 231 298 306 128 140 204 232 262 266 202 290 235 247 209 213 157 205 114 080 116 128
RBL3_011 RBL3 104 106 336 348 239 251 210 310 132 140 192 204 238 258 206 238 247 263 197 209 197 205 110 114 118 128
RBL3_012 RBL3 104 106 296 364 231 235 210 302 128 128 196 212 238 254 198 202 243 247 201 233 161 161 080 080 116 130
RBL3_013 RBL3 104 094 332 340 215 239 298 322 128 132 184 194 256 262 202 230 263 279 213 221 161 205 110 110 116 116
RBL3_014 RBL3 100 104 320 328 231 243 282 290 128 132 196 204 242 274 206 246 231 243 197 221 173 197 118 080 116 128
RBL3_015 RBL3 100 104 356 356 211 219 306 326 128 132 200 212 254 258 198 202 171 291 197 217 157 161 110 118 128 130
RBL3_016 RBL3 100 100 352 352 231 231 286 298 128 128 184 220 238 266 202 286 263 279 173 213 189 193 110 114 116 128
RBL3_017 RBL3 104 104 332 348 223 231 298 306 128 128 188 224 218 254 198 202 231 247 209 213 161 205 110 110 116 116
RBL3_018 RBL3 100 104 332 336 235 239 282 286 128 132 192 204 242 266 274 298 247 263 205 213 201 205 114 114 116 116
RBL3_019 RBL3 100 098 332 356 223 231 266 290 132 136 192 204 238 242 198 278 243 255 189 209 173 205 114 114 128 128
RBL3_020 RBL3 104 104 336 344 223 231 194 302 128 128 192 200 246 270 000 000 271 275 201 217 000 000 114 114 116 128
RBL3_021 RBL3 104 106 356 360 211 231 330 354 124 128 196 212 262 262 198 298 251 271 217 217 157 193 118 080 128 128
RBL3_022 RBL3 000 000 332 368 215 223 290 358 128 128 192 220 234 242 202 278 235 247 197 209 157 177 114 122 128 128
RBL3_023 RBL3 100 110 340 348 223 227 298 318 128 128 192 204 230 242 202 206 231 283 221 225 161 161 114 114 116 116
RBL3_024 RBL3 100 104 320 336 219 235 278 282 124 128 188 212 250 258 202 270 255 271 201 225 161 189 110 114 120 128
RBL3_025 RBL3 104 104 328 340 223 235 310 322 128 140 204 212 262 278 202 270 235 247 205 209 149 177 114 114 128 128
RBL3_026 RBL3 104 104 348 352 219 243 278 318 124 128 180 212 242 250 202 298 171 243 185 217 177 193 110 114 116 116
RBL3_027 RBL3 104 106 336 364 223 235 294 310 128 140 196 216 238 250 202 202 263 263 197 209 157 161 114 118 116 116
RBL3_028 RBL3 104 104 316 324 223 235 282 314 128 140 196 204 238 250 202 206 219 247 197 197 161 173 114 114 118 128
RBL3_029 RBL3 104 106 332 344 211 231 190 350 128 132 196 200 254 254 202 230 275 283 213 225 161 165 110 114 116 128
RBL3_030 RBL3 000 000 336 364 231 235 310 314 128 128 200 204 238 242 198 202 259 263 209 217 161 185 110 118 128 128
RBL3_031 RBL3 104 104 340 344 231 235 206 298 128 128 192 196 238 242 198 282 243 251 209 209 181 205 106 114 128 128
RBL3_032 RBL3 100 094 336 344 231 239 290 314 124 136 200 232 242 254 198 282 247 267 197 213 153 205 114 118 116 116
RBL3_033 RBL3 104 106 344 360 215 219 262 306 132 132 192 196 238 254 202 338 267 275 197 201 161 205 110 114 116 128
RBL3_034 RBL3 106 098 320 340 207 227 286 290 128 128 204 212 238 286 202 294 271 287 197 213 157 161 114 118 128 128
RBL3_035 RBL3 100 104 340 364 215 227 210 310 128 132 236 252 238 238 198 210 239 239 209 217 157 205 110 114 116 116
RBL3_036 RBL3 104 104 328 340 231 239 286 310 128 128 212 232 238 274 202 270 247 263 205 209 161 209 110 118 116 128
RBL3_037 RBL3 100 106 340 356 223 235 206 330 128 128 204 208 270 270 202 202 235 251 209 217 161 161 110 114 116 128
RBL3_038 RBL3 000 000 340 344 227 227 294 318 128 128 200 212 246 250 198 206 231 255 213 213 157 205 114 114 116 128
RBL3_039 RBL3 100 104 340 364 235 235 210 314 124 144 180 212 242 246 278 282 243 247 201 229 161 177 114 114 116 128
RBL3_040 RBL3 100 104 348 348 219 231 290 350 128 140 204 220 246 262 198 278 255 263 197 213 157 161 110 114 118 128
RBL3_041 RBL3 100 104 356 364 231 235 306 354 128 128 212 216 242 262 198 202 255 275 205 221 165 205 114 080 116 128
RBL3_042 RBL3 104 104 316 340 219 231 262 282 128 128 184 196 238 262 206 290 243 247 205 217 185 185 080 080 128 128
RBL3_043 RBL3 102 104 340 344 223 235 298 318 128 132 184 196 254 254 198 246 215 251 209 225 161 205 110 114 116 128
RBL3_044 RBL3 104 104 336 364 223 243 274 302 128 136 184 200 238 246 202 274 247 251 173 217 177 205 114 114 128 128
RBL3_045 RBL3 104 104 316 336 239 247 190 306 128 140 196 200 234 238 202 278 223 263 209 213 157 205 114 122 116 128
RBL3_046 RBL3 104 104 340 364 223 231 290 302 128 128 212 248 250 270 198 198 219 243 000 000 193 201 110 080 116 116
RBL3_047 RBL3 100 100 336 344 219 239 290 298 128 128 192 236 242 258 278 278 251 255 205 217 161 161 110 080 116 116
RBL3_048 RBL3 104 106 340 348 235 239 290 310 128 128 208 212 242 274 198 286 247 263 205 213 161 185 114 118 116 128
RBL3_049 RBL3 100 106 332 360 227 231 290 330 128 128 192 208 230 238 194 202 259 271 213 217 161 177 114 114 116 128
RBL3_050 RBL3 104 106 364 368 211 223 302 302 128 128 192 216 238 238 198 202 219 243 201 225 197 205 114 114 116 128
RBL3_051 RBL3 100 104 328 356 239 239 278 306 128 140 204 212 242 262 198 202 251 255 221 221 153 185 080 080 116 130
RBL3_052 RBL3 104 104 328 352 235 239 282 290 128 128 196 240 246 258 202 246 231 259 213 221 181 185 110 114 116 128
RBL3_053 RBL3 100 104 340 356 231 247 306 326 128 128 216 236 246 254 202 246 267 275 197 209 161 193 110 118 114 128
RBL3_054 RBL3 100 104 336 340 207 235 294 298 128 132 204 220 250 258 202 202 243 267 209 221 161 181 110 114 128 128
RBL3_055 RBL3 100 104 344 348 219 235 306 310 128 128 192 212 238 242 202 202 259 267 209 217 157 161 110 114 116 128
RBL3_056 RBL3 104 104 348 352 211 219 294 330 124 132 192 196 238 238 202 202 239 263 213 213 149 161 114 114 128 128
RBL3_057 RBL3 100 104 270 328 243 247 258 310 128 128 184 188 242 250 198 298 235 243 209 213 161 169 110 118 116 128
RBL3_058 RBL3 104 104 332 332 223 239 274 286 128 132 204 204 238 246 202 270 243 283 193 217 205 205 110 118 116 128
RBL3_059 RBL3 100 106 344 348 223 231 210 310 128 140 192 204 246 290 194 202 251 255 209 221 161 189 114 080 116 128
RBL3_060 RBL3 100 104 312 344 235 239 278 306 128 128 196 200 238 262 202 206 255 263 217 225 177 193 118 080 128 128
RBL3_061 RBL3 100 104 320 332 219 231 278 314 128 128 188 236 238 250 198 206 251 271 209 217 157 181 110 114 116 128
RBL3_062 RBL3 100 104 340 344 207 243 278 306 128 128 184 208 234 250 198 206 235 243 197 213 157 189 114 114 116 128
RBL3_063 RBL3 104 104 344 364 219 239 278 290 128 128 196 220 250 250 198 278 243 263 201 213 161 161 114 114 118 128
RBL3_064 RBL3 100 100 348 348 227 231 290 310 128 128 208 212 234 238 198 270 247 271 193 201 157 205 114 118 116 116
RBL3_065 RBL3 100 104 356 360 211 231 214 290 128 128 196 212 238 258 198 286 231 251 213 221 205 205 114 114 116 128
RBL3_066 RBL3 100 110 336 360 235 255 210 318 124 128 192 196 234 250 210 294 263 271 213 213 161 169 114 114 116 116
RBL3_067 RBL3 102 104 324 336 227 231 278 294 128 132 204 216 250 258 202 286 247 259 217 217 177 205 114 114 116 128
RBL3_068 RBL3 100 100 336 356 223 227 278 290 132 136 184 200 238 238 198 270 259 275 209 221 157 205 114 114 116 128
RBL3_069 RBL3 100 104 316 356 231 231 282 282 124 128 196 200 254 274 202 278 239 263 209 209 161 189 110 114 116 128
RBL3_070 RBL3 100 100 348 348 227 243 298 306 128 140 204 212 238 246 202 210 219 267 000 000 161 169 114 114 116 128
RBL3_071 RBL3 104 104 332 336 231 247 306 310 128 128 196 204 238 250 206 234 215 247 181 221 161 193 110 114 128 128
RBL3_072 RBL3 100 104 336 356 223 239 310 318 128 128 172 216 226 270 202 202 247 263 213 217 157 161 110 114 116 128
RBL3_073 RBL3 100 104 336 348 231 239 278 310 128 128 196 204 238 258 198 278 263 275 201 201 181 181 080 080 114 128
RBL3_074 RBL3 100 104 344 344 219 239 298 306 128 132 192 196 246 250 270 278 344 344 213 213 157 161 110 114 116 116
RBL3_075 RBL3 100 104 324 344 227 243 286 290 128 132 184 192 242 262 206 278 263 275 177 205 161 185 110 114 116 116
RBL3_076 RBL3 100 104 356 356 235 247 210 302 128 128 204 204 238 242 202 278 263 263 205 217 000 000 110 118 116 116
RBL3_077 RBL3 104 094 316 336 207 247 218 286 124 128 192 192 242 270 202 234 259 267 209 217 133 161 110 114 128 128
RBL3_078 RBL3 100 104 332 340 211 243 294 318 128 132 196 220 242 246 198 266 251 275 209 221 169 169 114 114 116 116
RBL3_079 RBL3 104 104 336 344 211 243 290 322 128 128 192 204 258 262 294 350 263 275 209 217 161 205 110 118 116 116
RBL3_080 RBL3 100 104 356 364 211 235 218 310 128 128 204 208 242 242 198 278 251 259 217 221 149 161 110 122 128 128
RBL3_081 RBL3 100 104 340 352 235 235 306 310 128 132 192 204 246 266 202 202 251 251 181 201 185 197 110 114 118 128
RBL3_082 RBL3 104 104 340 352 239 243 000 000 124 128 204 244 238 242 202 210 219 267 213 217 161 185 114 080 116 128
RBL3_083 RBL3 104 104 340 340 219 243 306 306 128 128 196 204 238 258 210 286 235 263 181 221 161 161 114 114 116 128
RBL3_084 RBL3 100 106 340 348 219 227 306 358 128 128 184 220 238 242 274 282 267 279 217 221 161 193 114 114 116 128
RBL3_085 RBL3 104 110 340 340 231 243 278 282 128 132 192 224 250 270 202 206 215 247 213 217 149 181 114 114 116 128
RBL3_086 RBL3 100 104 344 368 227 243 278 314 128 140 196 204 238 250 210 278 259 263 201 213 161 205 110 118 120 128
RBL3_087 RBL3 100 106 348 356 231 239 294 314 128 132 188 192 258 258 202 210 259 259 209 209 157 193 114 114 116 130
RBL3_088 RBL3 106 106 340 356 235 239 198 210 128 128 204 232 238 250 202 238 259 287 213 217 157 205 110 114 116 128
RBL3_089 RBL3 100 104 356 364 227 235 290 338 128 128 184 200 246 254 198 246 243 243 197 209 157 181 110 080 116 116
RBL3_090 RBL3 100 104 332 356 231 235 266 290 124 132 196 212 242 258 202 202 251 251 197 209 161 181 114 114 128 130
RBL3_091 RBL3 104 106 332 332 223 227 278 298 124 132 194 204 250 254 202 210 255 263 197 213 157 205 114 114 128 128
RBL3_092 RBL3 104 108 356 364 223 243 270 306 128 128 192 204 258 258 198 202 215 247 201 213 161 205 110 114 116 116
RBL3_093 RBL3 100 104 316 316 223 235 306 310 124 132 192 196 238 262 198 282 243 251 193 221 157 157 110 110 116 120
RBL3_094 RBL3 104 104 344 348 227 231 210 282 128 128 176 204 254 270 202 202 239 267 201 213 157 205 114 080 116 128
RBL3_095 RBL3 104 106 340 352 207 219 210 306 124 128 196 208 242 254 202 282 239 247 209 209 185 205 114 114 116 120
RBL4_001 RBL4 100 106 344 356 211 235 282 286 128 128 192 204 242 258 198 210 251 283 197 209 161 193 114 114 116 116
RBL4_002 RBL4 100 098 344 348 211 219 290 298 128 140 196 216 238 238 282 286 227 251 205 205 149 197 114 114 116 128
RBL4_003 RBL4 104 106 348 364 235 247 278 318 128 132 196 196 238 254 266 278 219 259 213 221 185 193 114 118 116 128
RBL4_004 RBL4 104 104 336 340 211 235 206 310 124 128 204 228 218 250 202 210 259 263 197 213 161 205 110 114 128 128
RBL4_005 RBL4 104 106 344 356 223 239 194 310 128 128 192 196 242 242 202 266 243 251 189 217 149 193 114 118 116 128
RBL4_006 RBL4 104 104 336 352 215 227 302 350 128 128 204 212 256 262 202 206 263 287 197 205 153 185 114 080 116 116
RBL4_007 RBL4 100 104 332 360 223 227 278 310 128 136 208 232 238 242 202 202 259 263 205 217 157 161 110 118 116 116
RBL4_008 RBL4 100 104 336 340 211 239 194 310 128 128 180 236 250 254 202 202 255 267 201 221 173 181 114 114 116 128
RBL4_009 RBL4 100 100 336 360 231 231 218 302 124 132 192 192 254 254 198 230 243 247 209 213 169 193 114 114 116 128
RBL4_010 RBL4 100 104 332 360 235 243 286 298 128 132 192 236 258 262 242 290 247 275 205 213 181 205 110 080 116 128
RBL4_011 RBL4 104 104 352 356 219 223 318 326 128 140 192 200 234 238 206 246 263 263 205 217 197 205 110 118 116 128
RBL4_012 RBL4 100 104 336 364 235 235 306 318 128 136 188 216 238 258 198 282 227 271 201 209 161 193 110 110 116 128
RBL4_013 RBL4 104 098 332 340 219 243 306 330 128 128 196 200 242 246 202 310 227 243 213 221 157 157 114 114 116 130
RBL4_014 RBL4 104 104 340 344 227 235 278 282 128 140 192 196 238 254 198 198 227 259 205 213 149 161 114 114 120 128
RBL4_015 RBL4 100 104 270 316 231 235 286 350 124 128 204 228 238 238 202 286 239 263 217 221 161 185 114 118 128 128
RBL4_016 RBL4 100 114 332 352 219 231 306 314 128 128 196 196 242 250 198 286 259 267 205 221 161 185 114 080 116 128
RBL4_017 RBL4 100 104 316 348 215 235 000 000 128 128 192 204 242 258 202 206 263 275 205 213 161 185 114 114 116 116
RBL4_018 RBL4 100 114 340 368 239 247 210 282 128 128 192 192 242 242 198 286 247 255 213 217 161 201 114 118 116 116
RBL4_019 RBL4 100 104 332 356 211 243 326 354 128 128 184 196 246 270 202 210 263 287 197 209 161 181 110 122 128 128
RBL4_020 RBL4 100 098 348 348 207 247 274 290 128 128 192 196 242 270 202 210 255 279 205 225 161 201 110 114 116 130
RBL4_021 RBL4 100 104 356 364 231 239 302 306 128 140 192 196 242 250 202 206 231 239 197 213 169 193 114 080 116 128
RBL4_022 RBL4 104 114 336 340 223 231 302 310 132 132 192 252 238 242 000 000 255 263 205 217 157 169 114 080 128 128
RBL4_023 RBL4 100 104 344 352 211 231 278 294 128 128 216 240 254 270 266 266 259 267 197 221 161 161 114 118 128 128
RBL4_024 RBL4 104 104 332 364 207 235 298 306 124 128 204 204 238 250 198 278 263 275 213 237 185 193 110 114 116 118
RBL4_025 RBL4 106 106 340 364 231 235 310 310 124 128 188 192 242 254 202 206 243 267 197 217 177 185 114 114 116 128
RBL4_026 RBL4 104 104 336 340 211 235 298 310 124 128 204 228 218 254 198 202 219 259 197 213 157 185 110 114 116 128
RBL4_027 RBL4 100 104 344 348 215 239 282 310 124 124 192 200 238 258 198 202 255 271 209 225 149 161 114 080 116 116
RBL4_028 RBL4 100 104 348 356 227 231 294 330 128 140 188 196 238 250 198 206 239 251 205 217 185 201 110 080 128 128
RBL4_029 RBL4 100 106 344 356 231 243 298 318 124 128 196 204 242 250 202 202 219 267 209 217 185 189 114 114 116 128
RBL4_030 RBL4 000 000 344 344 235 235 326 350 124 128 192 200 254 270 202 274 231 243 213 213 185 201 114 114 114 116
RBL4_031 RBL4 106 106 352 364 235 239 294 298 128 128 188 192 250 258 202 274 263 267 213 217 161 209 110 110 116 128
RBL4_032 RBL4 104 104 344 344 219 243 274 290 128 128 192 216 256 270 198 202 247 267 201 225 205 205 114 114 116 128
RBL4_033 RBL4 100 104 344 356 231 243 298 310 128 132 200 212 242 262 202 206 223 275 221 225 161 205 110 114 116 132
RBL4_034 RBL4 104 106 328 332 219 231 294 318 124 124 192 204 250 262 198 246 247 255 205 217 181 189 110 114 118 128
RBL4_035 RBL4 102 104 344 348 223 231 282 286 128 140 212 212 238 246 198 286 231 239 209 213 161 193 110 080 128 128
RBL4_036 RBL4 106 108 340 356 235 239 294 294 124 128 188 208 258 270 202 202 247 259 181 213 161 201 080 080 116 128
RBL4_037 RBL4 104 098 332 344 219 251 194 310 124 128 200 204 262 270 198 210 235 255 197 217 157 161 110 080 116 128
RBL4_038 RBL4 100 110 332 348 243 247 214 282 128 128 208 208 234 238 206 206 231 239 205 209 161 165 114 114 116 116
RBL4_039 RBL4 100 100 336 336 235 235 294 306 128 132 192 200 238 242 202 202 231 247 217 217 157 205 114 114 116 130
RBL4_040 RBL4 104 104 332 348 239 247 274 330 124 128 192 196 254 262 242 270 235 239 213 217 161 177 110 110 116 116
RBL4_041 RBL4 104 104 320 356 211 239 314 318 128 136 180 192 250 266 000 000 243 259 217 217 169 181 114 118 116 128
RBL4_042 RBL4 100 104 352 360 231 231 274 294 128 128 200 236 238 242 198 202 219 263 193 197 157 177 114 114 116 128
RBL4_043 RBL4 100 104 352 356 223 235 282 310 128 132 184 192 238 238 202 206 251 255 209 225 157 193 114 080 116 128
RBL4_044 RBL4 100 104 336 356 223 231 278 314 128 132 184 232 238 246 206 282 231 271 205 205 149 189 114 080 116 128
RBL4_045 RBL4 104 108 352 360 207 211 270 322 124 128 192 196 242 270 202 278 267 299 209 213 157 205 114 080 116 128
RBL4_046 RBL4 104 104 356 372 239 243 286 294 128 132 188 192 238 286 198 202 247 263 213 221 181 185 114 080 120 128
RBL4_047 RBL4 100 100 348 356 203 227 310 350 124 128 192 216 242 250 274 286 251 267 181 201 161 205 114 118 116 128
RBL4_048 RBL4 100 104 332 336 231 235 286 306 128 128 192 240 250 254 242 282 243 255 205 217 157 205 110 114 116 116
RBL4_049 RBL4 100 104 348 352 223 247 294 302 128 128 192 248 242 270 202 202 219 271 213 225 153 161 118 080 116 116
RBL4_050 RBL4 100 106 352 356 239 243 294 306 124 128 196 208 242 242 198 206 251 255 181 201 161 169 080 080 116 128
RBL4_051 RBL4 104 104 344 360 243 247 290 310 128 128 192 192 000 000 274 278 267 275 205 205 157 161 114 114 116 128
RBL4_052 RBL4 100 100 332 332 223 231 314 354 128 128 196 212 238 242 202 266 275 291 201 209 161 161 114 118 116 116
RBL4_053 RBL4 100 100 340 356 231 243 206 310 128 132 192 204 246 258 198 206 251 255 209 225 149 161 110 118 116 116
RBL4_054 RBL4 104 094 340 340 219 219 298 310 128 128 204 248 246 250 198 202 259 287 217 253 169 201 110 114 116 118
RBL4_055 RBL4 104 106 336 348 231 243 190 294 128 128 196 200 242 256 198 202 231 263 201 221 161 205 114 114 116 128
RBL4_056 RBL4 104 104 336 352 235 243 282 318 128 129 208 208 258 262 278 290 243 259 205 209 161 181 114 114 118 128
RBL4_057 RBL4 100 110 340 344 235 247 302 306 128 128 188 212 238 242 202 202 219 279 193 209 201 205 114 114 116 116
RBL4_058 RBL4 104 110 300 344 243 243 290 322 128 128 192 200 238 246 282 282 251 267 221 225 153 185 114 114 116 128
RBL4_059 RBL4 104 104 328 344 219 227 306 318 124 128 212 212 234 270 198 210 251 275 213 213 201 205 114 114 116 118
RBL4_060 RBL4 104 104 340 348 231 239 278 314 128 128 192 196 238 254 198 206 251 251 209 217 161 177 114 114 116 116
RBL4_061 RBL4 100 106 340 356 207 243 000 000 128 136 192 208 238 250 282 306 263 287 209 213 157 193 110 114 116 128
RBL4_062 RBL4 104 104 336 336 235 243 000 000 132 136 196 228 250 254 202 282 243 259 197 213 189 193 114 118 116 128
RBL4_063 RBL4 104 104 336 344 235 247 306 318 124 128 192 192 242 254 198 270 267 267 213 217 161 201 110 114 116 128
RBL4_064 RBL4 100 104 336 336 231 251 258 298 128 128 204 208 234 254 198 242 247 251 205 217 161 161 110 114 128 130
RBL4_065 RBL4 104 104 360 364 223 227 210 306 128 128 196 200 242 250 198 270 259 267 213 213 161 189 114 114 128 128
RBL4_066 RBL4 100 104 344 352 231 231 290 298 128 136 236 240 238 242 202 202 243 259 189 217 153 169 114 114 128 128
RBL4_067 RBL4 106 098 336 352 239 243 298 306 124 124 204 228 246 250 202 210 227 243 201 229 161 205 118 080 116 128
RBL4_068 RBL4 100 100 344 348 235 239 210 310 128 128 204 252 238 278 270 294 239 255 209 213 185 193 114 122 116 116
RBL4_069 RBL4 104 104 340 348 231 235 174 286 128 128 184 192 254 258 198 202 263 267 209 213 157 161 114 114 116 128
RBL4_070 RBL4 104 104 336 352 219 231 290 318 128 136 204 216 238 242 202 278 263 263 209 213 185 193 114 114 116 128
RBL4_071 RBL4 100 104 352 360 235 243 194 294 132 140 176 208 254 262 198 278 251 255 209 213 153 201 110 114 116 128
RBL4_072 RBL4 104 106 320 344 223 231 278 306 128 132 180 184 242 246 206 238 247 255 209 229 157 189 114 114 128 128
RBL4_073 RBL4 104 104 340 340 235 239 266 278 128 132 192 220 234 274 198 298 219 251 209 217 161 161 110 114 128 128
RBL4_074 RBL4 104 104 336 344 219 231 298 310 128 132 196 212 238 238 202 206 223 263 221 225 205 205 110 114 116 128
RBL4_075 RBL4 100 100 348 368 223 231 306 326 128 129 196 204 238 258 210 290 251 267 221 221 161 201 110 114 128 128
RBL4_076 RBL4 100 110 340 364 219 231 306 326 128 132 196 212 250 270 206 270 219 243 201 205 157 201 114 114 116 116
RBL4_077 RBL4 106 106 340 352 239 247 000 000 128 128 196 204 242 246 198 278 243 271 217 221 193 205 110 114 128 128
RBL4_078 RBL4 104 098 340 344 223 235 206 326 128 128 204 216 238 238 202 290 255 267 209 213 157 161 114 114 116 116
RBL4_079 RBL4 100 104 344 352 239 239 306 314 128 128 196 208 238 250 198 202 259 295 197 213 161 177 114 080 116 128
RBL4_080 RBL4 104 104 320 336 227 239 298 318 128 128 196 204 246 254 202 254 235 267 197 205 161 201 114 080 116 128
RBL4_081 RBL4 104 114 332 344 207 231 282 314 124 128 200 212 242 262 202 302 239 251 213 221 157 197 114 118 128 128
RBL4_082 RBL4 100 114 344 364 231 235 302 330 128 132 192 248 250 270 202 278 255 263 197 213 157 185 114 118 116 128
RBL4_083 RBL4 100 102 340 364 231 235 294 330 128 148 192 216 250 270 202 266 263 267 221 221 189 205 114 122 116 128
RBL4_084 RBL4 106 114 336 340 215 239 274 302 124 128 188 204 238 254 198 202 247 291 205 213 161 205 114 114 128 128
RBL4_085 RBL4 104 106 340 344 231 235 294 318 124 128 188 200 242 250 000 000 219 267 213 217 169 205 114 118 128 128
RBL4_086 RBL4 104 098 340 348 243 243 274 330 128 129 200 216 234 242 202 206 259 275 221 225 161 177 114 118 116 128
RBL4_087 RBL4 106 106 344 360 211 235 298 298 128 140 204 204 238 254 202 242 263 275 209 217 169 177 118 080 116 128
RBL4_088 RBL4 102 104 340 356 231 239 290 310 128 128 200 204 250 262 210 274 231 251 205 217 161 185 114 114 114 116
RBL4_089 RBL4 104 106 340 356 227 231 210 310 128 132 196 212 242 270 000 000 235 267 197 201 161 161 114 114 128 130
RBL4_090 RBL4 100 104 344 348 219 243 282 286 128 128 192 232 254 254 202 202 215 267 201 225 177 201 110 114 120 128
RBL4_091 RBL4 100 114 340 364 231 239 306 314 128 128 208 216 238 258 202 266 243 247 213 221 161 161 114 114 116 120
RBL4_092 RBL4 100 100 332 356 235 247 278 306 128 128 200 204 258 258 230 270 255 267 201 209 181 185 110 114 128 128
RBL4_093 RBL4 104 106 348 372 211 231 302 306 128 128 196 240 238 242 210 274 251 275 181 201 157 205 114 118 118 128
RBL4_094 RBL4 100 104 320 356 231 243 322 354 124 128 000 000 234 258 202 206 243 251 217 221 169 193 114 114 000 000
RBL4_095 RBL4 100 104 352 368 215 239 314 326 124 128 204 212 258 262 198 202 267 271 205 217 193 201 114 114 128 128
RTE1_001 RTE1 104 106 324 324 219 231 186 314 124 128 188 204 242 262 000 000 271 279 197 213 161 169 114 114 116 128
RTE1_002 RTE1 100 104 320 340 231 235 278 306 128 128 208 208 238 250 266 286 231 267 217 225 161 209 110 080 118 118
RTE1_003 RTE1 100 104 336 340 207 235 262 290 128 128 204 208 238 258 198 202 219 255 193 225 169 193 114 118 116 128
RTE1_004 RTE1 100 100 336 344 235 243 294 310 124 128 204 260 246 262 198 234 259 267 197 221 161 169 080 080 128 128
RTE1_005 RTE1 106 106 336 340 235 235 318 334 128 128 200 212 250 258 202 286 239 239 205 209 161 177 114 114 116 128
RTE1_006 RTE1 104 106 348 348 235 235 302 322 124 132 196 208 238 274 202 206 239 239 209 221 157 157 114 114 000 000
RTE1_007 RTE1 100 104 332 344 227 235 290 322 128 140 188 208 274 278 282 302 239 263 201 221 157 177 114 080 116 116
RTE1_008 RTE1 106 098 340 368 207 239 306 306 132 136 188 212 250 250 202 282 243 247 185 209 169 205 114 118 116 116
RTE1_009 RTE1 100 104 340 352 219 223 210 302 128 128 188 240 242 254 266 278 239 255 189 197 177 189 110 118 128 128
RTE1_010 RTE1 104 106 340 364 235 239 198 210 128 132 188 200 270 274 270 278 263 271 217 217 157 161 110 110 116 128
RTE1_011 RTE1 100 100 296 348 215 239 286 306 128 128 204 212 238 270 206 278 259 275 205 209 161 165 114 114 116 116
RTE1_012 RTE1 104 106 348 348 227 231 294 314 124 128 196 200 238 238 202 270 263 299 209 213 157 169 110 114 128 130
RTE1_013 RTE1 104 104 340 356 223 231 310 314 124 128 188 200 238 254 206 214 259 279 197 205 157 161 114 118 128 128
RTE1_014 RTE1 104 104 352 364 227 231 214 302 128 132 196 232 238 250 282 290 251 263 189 217 157 185 114 118 116 128
RTE1_015 RTE1 100 106 332 348 239 247 282 302 128 128 196 216 238 238 198 206 255 271 197 221 169 193 114 118 118 118
RTE1_016 RTE1 100 104 344 348 223 239 210 330 128 128 200 204 258 266 202 202 259 267 201 225 157 157 114 080 128 128
RTE1_017 RTE1 104 104 344 356 231 231 290 306 128 132 188 188 238 242 194 198 231 295 189 213 157 157 114 114 116 128
RTE1_018 RTE1 100 104 316 352 235 235 210 278 128 128 192 212 238 250 202 242 267 283 205 213 157 161 110 114 116 128
RTE1_019 RTE1 106 106 324 324 227 235 270 270 128 132 204 208 226 238 198 206 247 247 213 217 157 161 114 114 116 128
RTE1_020 RTE1 104 106 344 360 219 231 286 310 124 132 176 192 238 274 198 210 219 259 221 225 157 193 118 080 116 128
RTE1_021 RTE1 100 098 332 340 231 235 294 306 132 132 192 208 238 254 202 274 255 275 213 221 157 157 118 080 128 128
RTE1_022 RTE1 104 110 348 356 239 239 294 310 128 128 192 204 242 262 202 242 223 271 209 213 169 193 114 118 116 128
RTE1_023 RTE1 106 110 320 332 231 235 278 302 128 132 204 208 258 270 198 202 231 259 201 217 157 205 110 114 116 116
RTE1_024 RTE1 104 104 348 348 247 251 310 310 128 128 196 200 238 238 202 242 219 275 213 221 161 177 110 114 116 128
RTE1_025 RTE1 104 106 340 348 207 223 294 326 128 140 196 200 238 242 202 202 247 279 205 209 185 189 110 110 128 128
RTE1_026 RTE1 100 100 336 336 235 235 310 314 128 128 188 196 262 266 198 202 255 259 193 217 161 205 110 114 128 128
RTE1_027 RTE1 100 098 332 340 219 243 306 314 128 136 196 208 238 266 202 202 247 251 000 000 161 201 114 080 116 128
RTE1_028 RTE1 100 106 320 320 243 247 186 322 128 128 204 208 238 238 198 274 259 271 221 221 157 193 114 114 116 128
RTE1_029 RTE1 104 106 320 336 239 247 206 306 128 136 212 216 238 254 202 242 251 255 209 221 149 157 110 118 116 128
RTE1_030 RTE1 104 098 348 356 219 235 306 306 128 140 196 232 238 262 198 286 255 271 201 213 161 177 118 080 116 128
RTE1_031 RTE1 100 104 340 352 223 239 198 294 124 128 196 196 238 242 194 202 255 259 213 225 193 209 114 114 128 128
RTE1_032 RTE1 104 106 332 360 203 235 274 314 128 128 192 200 242 270 274 282 259 275 185 205 161 205 122 080 116 116
RTE1_033 RTE1 100 100 336 360 227 235 198 294 128 128 196 200 238 250 198 202 259 259 221 221 157 165 114 114 116 128
RTE1_034 RTE1 104 110 324 336 219 219 210 298 124 128 200 204 238 258 202 278 251 251 205 221 161 185 114 122 128 128
RTE1_035 RTE1 104 104 332 336 235 243 286 302 128 128 200 204 242 250 206 266 251 271 173 217 161 201 114 114 118 128
RTE1_036 RTE1 100 106 336 360 231 243 306 306 124 128 204 232 242 262 202 274 227 239 201 213 161 161 114 080 116 128
RTE1_037 RTE1 104 104 336 364 235 239 170 310 128 132 200 204 246 266 198 202 239 251 213 217 157 193 114 114 128 128
RTE1_038 RTE1 104 106 328 352 235 247 286 294 124 124 200 256 258 262 234 238 235 255 197 197 169 169 114 114 116 128
RTE1_039 RTE1 100 106 324 336 235 255 318 342 128 132 196 204 226 250 202 242 275 275 173 217 157 193 114 118 128 128
RTE1_040 RTE1 100 106 320 332 223 239 302 330 128 128 208 236 238 250 186 282 247 251 209 217 173 177 114 114 128 128
RTE1_041 RTE1 104 110 352 360 239 243 274 306 128 132 196 232 238 246 242 266 255 275 185 209 161 169 114 114 116 128
RTE1_042 RTE1 102 104 344 348 231 239 302 306 128 132 188 196 242 282 210 242 255 263 205 217 157 201 114 118 128 128
RTE1_043 RTE1 096 098 316 328 211 235 302 326 132 132 204 260 246 250 202 278 247 247 193 217 157 189 110 080 116 128
RTE1_044 RTE1 100 104 316 372 247 255 290 314 132 140 256 256 250 278 202 202 255 263 213 217 157 161 114 080 116 128
RTE1_045 RTE1 110 098 340 348 235 239 194 326 128 129 220 248 238 242 202 298 219 275 225 225 161 165 114 080 116 128
RTE1_046 RTE1 104 104 328 360 219 223 202 306 124 140 200 204 238 242 286 290 239 255 201 213 161 169 114 114 128 128
RTE1_047 RTE1 104 106 340 364 207 227 290 294 128 128 192 200 238 246 206 278 227 251 197 209 157 157 118 122 116 128
RTE1_048 RTE1 104 104 324 348 219 239 290 298 124 124 204 204 238 250 202 266 235 239 193 217 181 193 110 114 128 128
RTE1_049 RTE1 100 106 324 352 251 255 210 282 128 128 196 204 238 258 202 274 251 255 197 213 157 193 110 118 116 116
RTE1_050 RTE1 100 106 328 348 231 247 214 342 124 132 212 220 238 238 210 242 255 259 221 225 161 185 114 114 116 116
RTE1_051 RTE1 100 104 336 340 207 231 310 314 128 132 200 204 238 286 210 282 267 275 217 217 157 161 110 114 116 116
RTE1_052 RTE1 100 098 332 340 231 231 206 310 128 132 176 216 266 266 202 202 247 255 197 217 165 177 114 114 116 116
RTE1_053 RTE1 100 104 348 368 231 235 286 290 128 128 188 192 238 270 242 282 251 271 205 217 181 185 114 080 128 128
RTE1_054 RTE1 100 104 296 328 231 231 278 302 128 140 196 208 250 274 282 294 247 251 197 213 157 161 114 080 116 116
RTE1_055 RTE1 100 104 356 364 231 251 274 294 128 128 208 260 242 270 202 206 231 247 213 217 161 169 114 114 116 128
RTE1_056 RTE1 100 098 344 348 227 239 194 310 128 132 196 208 238 250 202 202 251 255 197 213 161 161 114 080 116 116
RTE1_057 RTE1 104 110 344 344 235 235 182 286 124 128 216 228 250 254 198 270 231 263 197 205 157 177 114 118 116 128
RTE1_058 RTE1 096 098 344 344 235 247 266 318 128 128 196 204 242 242 202 202 255 259 201 221 157 157 110 118 114 128
RTE1_059 RTE1 104 110 324 332 235 243 282 306 128 128 188 204 242 242 202 206 243 291 197 201 157 161 110 114 116 116
RTE1_060 RTE1 104 104 336 348 235 243 306 318 128 128 204 212 238 274 198 202 231 247 173 189 161 177 110 114 116 128
RTE1_061 RTE1 100 104 328 336 231 247 278 286 128 128 192 256 238 250 202 234 247 267 201 225 157 161 114 118 116 128
RTE1_062 RTE1 100 104 332 352 223 239 306 318 128 128 200 204 258 270 202 286 255 275 193 221 157 185 114 118 114 116
RTE1_063 RTE1 100 110 254 348 231 235 174 322 124 128 196 208 238 258 202 266 267 271 221 225 157 165 114 080 116 116
RTE1_064 RTE1 104 104 336 364 219 227 286 342 128 128 196 196 262 282 238 274 219 235 189 221 157 161 114 114 128 128
RTE1_065 RTE1 100 106 332 336 235 235 210 302 128 132 204 208 238 262 202 202 239 239 189 209 157 189 114 118 128 128
RTE1_066 RTE1 104 106 320 348 239 255 214 310 128 132 208 212 242 290 202 202 243 283 189 209 157 157 114 118 128 128
RTE1_067 RTE1 104 104 324 344 231 235 210 306 128 128 192 204 230 242 202 278 239 243 193 229 157 161 118 118 116 128
RTE1_068 RTE1 106 106 368 376 235 239 306 306 128 132 200 228 238 258 198 202 239 283 209 217 161 201 114 080 116 128
RTE1_069 RTE1 104 104 336 348 239 247 266 326 128 128 192 208 234 242 202 202 219 247 213 213 157 157 110 114 116 128
RTE1_070 RTE1 100 104 340 364 239 243 306 314 128 136 176 216 238 258 206 246 263 271 197 213 157 205 110 114 000 000
RTE1_071 RTE1 100 104 344 356 219 247 290 318 128 128 192 208 242 270 202 282 239 267 205 213 157 185 114 114 116 118
RTE1_072 RTE1 100 104 332 344 243 251 282 302 132 132 204 220 250 250 206 282 243 271 213 221 157 185 110 114 116 128
RTE1_073 RTE1 104 106 332 364 223 239 294 310 128 140 196 196 258 266 274 286 275 283 213 233 157 161 118 122 128 128
RTE1_074 RTE1 100 100 336 356 239 247 210 310 128 128 184 212 238 242 274 282 227 251 205 217 177 185 110 114 128 128
RTE1_075 RTE1 100 106 320 356 239 239 270 306 128 128 196 208 250 258 202 286 247 255 217 221 161 169 114 114 116 116
RTE1_076 RTE1 100 106 332 364 223 247 290 306 124 128 200 204 238 238 202 278 259 267 213 217 157 161 114 118 116 128
RTE1_077 RTE1 104 106 332 356 231 235 290 322 128 132 196 216 242 242 206 210 243 267 173 193 161 161 080 080 116 118
RTE1_078 RTE1 100 104 344 356 219 227 202 330 128 128 196 256 238 242 202 266 231 239 189 209 165 193 110 114 116 128
RTE1_079 RTE1 100 100 332 352 231 239 170 274 128 140 192 208 254 278 230 282 251 259 189 217 169 197 110 114 116 116
RTE1_080 RTE1 100 100 336 348 235 243 274 354 128 128 000 000 238 258 198 202 263 267 209 209 189 193 114 118 128 128
RTE1_081 RTE1 100 104 316 340 223 243 310 310 128 128 228 256 242 274 198 290 223 263 213 217 157 177 110 114 116 128
RTE1_082 RTE1 104 104 246 348 219 235 326 326 128 128 204 260 242 266 278 278 271 275 213 217 157 157 114 118 128 128
RTE1_083 RTE1 104 106 348 348 231 239 310 322 128 132 196 208 238 242 202 278 235 247 201 205 169 169 110 114 128 128
RTE1_084 RTE1 100 104 340 340 219 247 214 310 128 132 176 208 238 242 202 242 243 271 173 201 157 161 114 118 128 128
RTE1_085 RTE1 104 098 332 348 239 239 174 302 124 128 232 244 238 254 206 214 219 255 197 217 157 193 110 080 116 116
RTE1_086 RTE1 104 104 336 348 223 231 210 298 128 128 208 232 238 238 206 274 259 279 201 205 157 157 114 118 116 118
RTE1_087 RTE1 100 100 296 352 231 235 314 314 128 128 208 212 242 274 202 206 219 231 197 209 157 161 110 118 128 128
RTE1_088 RTE1 104 106 316 344 227 239 314 318 124 128 200 204 250 290 206 302 251 279 197 225 157 181 110 114 116 116
RTE1_089 RTE1 100 104 340 348 219 239 294 310 124 132 200 260 000 000 198 198 243 251 205 213 157 161 114 122 000 000
RTE1_090 RTE1 100 110 316 356 231 235 310 314 128 132 188 212 000 000 202 282 247 291 205 209 157 169 114 080 116 128
RTE1_091 RTE1 100 106 340 340 207 231 278 294 128 132 196 204 250 262 206 262 279 287 217 217 161 181 114 080 116 128
RTE1_092 RTE1 100 104 332 360 235 239 210 342 128 128 192 212 238 270 286 294 219 271 197 217 161 181 110 118 128 128
RTE1_093 RTE1 104 106 344 348 239 243 314 322 128 128 192 196 238 258 198 206 219 271 213 217 157 157 114 114 116 128
RTE1_094 RTE1 104 104 344 344 235 243 278 286 124 132 188 212 238 238 202 202 247 255 000 000 157 185 114 118 128 128
RTE1_095 RTE1 104 106 364 372 223 223 000 000 128 128 192 248 000 000 198 278 231 291 217 225 157 169 114 118 128 130
RTE2_001 RTE2 106 106 320 344 223 231 290 294 128 128 192 232 262 270 202 282 219 263 197 205 157 169 110 114 116 128
RTE2_002 RTE2 100 104 348 364 231 235 290 314 128 128 196 204 242 242 210 286 215 259 197 201 157 165 114 114 118 128
RTE2_003 RTE2 104 106 348 348 235 243 306 306 128 128 192 256 250 282 210 278 219 239 197 205 161 205 110 114 116 118
RTE2_004 RTE2 100 104 316 344 235 239 202 302 128 128 256 256 242 262 198 206 267 267 217 217 157 157 110 114 128 128
RTE2_005 RTE2 100 106 340 348 223 239 282 318 128 128 208 248 258 270 202 206 263 271 213 217 157 161 110 114 116 118
RTE2_006 RTE2 104 106 344 356 223 235 210 294 128 132 196 196 270 274 202 286 255 275 217 225 161 193 110 118 128 132
RTE2_007 RTE2 100 096 340 344 219 255 294 298 128 132 196 244 238 238 198 274 243 255 197 217 157 181 110 114 128 128
RTE2_008 RTE2 100 104 324 328 239 243 166 310 128 136 192 212 258 258 202 214 243 259 213 225 157 161 110 080 128 128
RTE2_009 RTE2 104 104 332 332 223 247 266 302 128 132 196 208 238 238 206 206 279 291 197 213 169 169 114 114 116 128
RTE2_010 RTE2 100 106 344 348 235 239 306 330 128 128 196 208 238 258 202 202 247 267 209 213 157 161 080 080 116 128
RTE2_011 RTE2 104 106 316 340 219 239 294 298 124 132 192 192 238 250 234 282 219 287 209 225 157 181 114 114 128 128
RTE2_012 RTE2 100 110 340 344 227 231 286 306 128 140 188 208 242 262 206 250 219 279 205 209 157 177 114 114 116 128
RTE2_013 RTE2 100 104 316 340 231 231 278 302 128 128 192 212 242 274 202 270 239 271 209 217 165 205 114 114 128 128
RTE2_014 RTE2 100 100 356 360 219 235 270 314 128 128 188 204 250 270 202 206 227 259 201 221 165 185 114 080 116 116
RTE2_015 RTE2 100 100 292 348 235 255 306 326 128 132 196 204 250 270 198 290 231 291 205 217 157 181 110 080 116 128
RTE2_016 RTE2 104 106 348 356 219 231 306 330 128 128 208 232 250 270 278 294 247 263 213 217 157 161 110 114 128 128
RTE2_017 RTE2 100 106 336 356 227 235 000 000 128 128 192 256 258 262 278 302 255 275 197 205 169 193 114 080 116 116
RTE2_018 RTE2 100 106 332 364 239 247 302 330 128 128 200 204 238 242 198 278 259 259 205 209 161 193 110 114 116 128
RTE2_019 RTE2 100 104 320 336 227 239 290 306 124 128 192 200 250 258 202 286 251 263 201 213 157 157 118 122 116 128
RTE2_020 RTE2 000 000 320 344 219 239 306 314 128 128 196 208 238 262 198 266 247 259 000 000 149 157 110 114 116 128
RTE2_021 RTE2 100 100 332 356 235 235 306 318 128 132 200 268 238 262 198 202 251 267 209 225 157 157 118 118 116 128
RTE2_022 RTE2 100 106 332 352 227 235 162 318 128 144 192 208 250 254 206 238 251 267 197 209 161 193 114 118 116 116
RTE2_023 RTE2 100 100 340 360 243 247 310 346 128 140 192 208 238 258 206 286 243 299 197 201 157 193 114 114 116 128
RTE2_024 RTE2 104 104 332 356 223 235 202 274 128 132 204 208 242 242 198 286 239 267 201 229 169 205 114 114 116 128
RTE2_025 RTE2 100 104 332 348 231 235 294 314 124 128 196 236 238 258 194 202 259 279 209 213 157 181 114 114 128 132
RTE2_026 RTE2 100 104 340 364 239 239 286 302 128 132 204 220 246 294 198 274 255 275 213 221 157 205 114 114 114 128
RTE2_027 RTE2 104 106 296 324 231 243 210 274 128 128 196 256 238 242 278 282 271 275 217 221 165 177 110 114 116 128
RTE2_028 RTE2 104 098 316 340 235 239 178 278 128 132 192 196 230 242 198 242 239 259 213 221 161 165 114 114 128 128
RTE2_029 RTE2 104 104 332 364 235 243 270 322 128 140 172 196 238 242 202 270 235 239 213 213 161 201 122 080 116 128
RTE2_030 RTE2 104 110 336 348 231 235 214 214 128 128 204 208 238 250 198 246 243 251 213 213 157 201 110 114 128 128
RTE2_031 RTE2 104 106 332 356 227 235 162 314 128 132 180 196 238 262 202 274 243 267 209 217 157 181 114 118 116 116
RTE2_032 RTE2 104 104 332 344 247 255 302 326 128 132 196 204 250 270 198 290 267 287 197 217 157 157 118 080 000 000
RTE2_033 RTE2 100 104 316 352 235 239 306 314 128 128 180 232 238 242 202 266 251 255 205 221 157 181 110 114 116 128
RTE2_034 RTE2 104 104 344 348 231 247 214 330 128 132 196 204 270 274 282 286 223 255 201 205 157 181 114 114 116 116
RTE2_035 RTE2 100 104 332 348 227 231 314 318 128 128 192 204 238 242 242 286 275 279 205 217 181 193 114 118 128 128
RTE2_036 RTE2 104 106 324 348 243 255 210 290 128 144 204 244 250 250 198 278 247 255 205 225 165 193 110 080 116 128
RTE2_037 RTE2 100 104 340 356 231 239 210 314 128 132 204 208 238 254 210 286 231 295 197 209 169 189 118 118 116 116
RTE2_038 RTE2 104 106 316 344 235 235 210 214 128 128 192 200 250 270 274 286 219 247 197 197 157 161 110 114 116 128
RTE2_039 RTE2 104 104 316 348 235 239 286 306 124 132 208 212 238 262 198 210 235 275 193 221 157 169 114 080 116 128
RTE2_040 RTE2 100 108 320 344 235 239 286 346 128 128 188 204 230 270 206 282 247 291 205 213 157 165 110 118 118 132
RTE2_041 RTE2 104 106 296 336 239 247 310 314 128 144 188 256 238 270 198 202 255 255 213 225 181 197 110 080 116 116
RTE2_042 RTE2 100 110 348 360 231 235 290 314 128 132 192 196 250 256 198 270 251 271 209 213 189 193 110 114 116 116
RTE2_043 RTE2 110 098 348 348 227 235 218 278 128 132 196 236 238 290 198 206 231 247 197 217 149 169 110 118 116 128
RTE2_044 RTE2 100 100 328 344 239 243 214 310 128 132 192 212 250 282 278 278 227 235 217 225 157 185 114 118 116 116
RTE2_045 RTE2 106 106 356 384 223 235 186 306 128 128 196 196 230 250 198 198 251 259 213 213 157 177 114 114 128 128
RTE2_046 RTE2 104 110 332 348 235 235 318 334 128 132 196 204 238 250 198 274 275 283 205 213 157 165 114 114 116 128
RTE2_047 RTE2 100 104 344 364 239 239 294 306 128 128 188 208 242 242 194 294 243 255 209 229 185 205 114 114 114 128
RTE2_048 RTE2 104 114 336 356 243 243 294 310 128 128 192 208 238 238 000 000 231 275 217 221 157 169 114 114 000 000
RTE2_049 RTE2 104 104 316 344 223 223 190 298 124 128 204 232 242 258 202 246 239 247 197 213 161 205 110 114 118 128
RTE2_050 RTE2 104 106 324 356 231 239 302 310 128 128 196 212 242 266 198 282 251 271 213 213 157 157 114 114 116 128
RTE2_051 RTE2 104 104 336 344 227 235 298 298 124 128 192 220 238 238 202 246 251 291 209 217 157 169 110 110 128 128
RTE2_052 RTE2 100 104 360 364 235 247 298 310 128 128 196 236 250 250 198 206 235 239 217 221 157 193 110 114 116 116
RTE2_053 RTE2 104 098 340 356 235 243 282 290 124 128 192 204 238 238 202 206 227 255 197 201 157 157 110 110 116 128
RTE2_054 RTE2 100 110 340 348 239 239 278 310 128 132 196 204 242 274 194 202 219 263 197 213 161 161 114 080 118 128
RTE2_055 RTE2 100 104 340 344 235 247 286 298 128 136 176 192 242 266 266 290 259 263 173 221 157 177 114 114 116 128
RTE2_056 RTE2 104 104 332 340 235 239 310 318 124 128 192 212 242 290 206 274 259 275 209 213 161 161 110 114 116 128
RTE2_057 RTE2 100 106 356 356 239 251 286 306 128 128 192 192 238 250 230 282 231 247 209 217 157 157 110 114 128 128
RTE2_058 RTE2 100 098 344 360 231 235 170 298 128 132 204 260 258 262 202 274 275 291 209 217 157 205 114 114 116 116
RTE2_059 RTE2 104 110 344 348 235 243 290 294 128 128 196 208 242 250 198 206 259 279 213 217 157 157 114 114 116 128
RTE2_060 RTE2 100 106 356 360 231 235 214 302 128 132 196 208 238 258 206 282 227 239 209 213 157 157 110 118 116 128
RTE2_061 RTE2 100 104 336 356 235 243 294 298 128 140 200 200 250 270 274 274 243 259 197 197 157 161 114 114 116 128
RTE2_062 RTE2 100 104 316 332 235 239 306 306 128 128 196 208 242 254 202 206 243 271 213 221 157 181 114 114 116 116
RTE2_063 RTE2 104 104 332 340 207 243 306 310 128 140 200 208 270 274 234 274 255 263 197 209 157 161 110 114 116 128
RTE2_064 RTE2 104 106 328 348 231 231 302 306 128 136 192 204 238 274 202 202 271 271 197 221 157 205 110 114 128 128
RTE2_065 RTE2 100 106 336 348 239 243 306 310 124 128 212 236 246 286 286 326 243 247 197 213 157 157 114 114 116 128
RTE2_066 RTE2 100 106 344 348 223 239 278 310 128 132 200 204 242 242 238 286 235 247 213 217 157 157 114 114 128 128
RTE2_067 RTE2 104 106 332 340 207 239 298 310 124 128 192 192 238 250 234 282 255 287 197 225 157 181 114 114 128 128
RTE2_068 RTE2 100 104 328 348 231 239 210 314 128 128 204 232 238 262 206 286 271 279 189 217 157 157 114 118 116 116
RTE2_069 RTE2 100 100 336 364 231 235 306 342 128 128 196 204 238 242 202 282 247 279 213 229 157 157 114 114 000 000
RTE2_070 RTE2 100 104 340 348 219 235 302 306 128 132 224 260 258 262 202 282 251 267 209 225 157 213 114 118 116 128
RTE2_071 RTE2 104 104 344 348 211 235 198 310 128 128 208 208 238 242 198 210 247 251 213 221 157 205 114 122 116 116
RTE2_072 RTE2 100 106 348 356 231 235 294 314 128 128 208 212 242 256 202 234 251 255 205 221 157 189 114 114 000 000
RTE2_073 RTE2 104 104 316 348 207 219 298 326 128 132 188 204 238 258 266 286 247 255 209 229 161 169 110 114 128 128
RTE2_074 RTE2 104 104 296 352 223 239 210 210 128 128 188 256 238 242 230 278 231 255 209 213 165 205 114 080 116 128
RTE2_075 RTE2 104 104 254 316 235 243 286 294 128 136 192 216 242 262 242 266 219 259 209 221 161 165 110 114 116 116
RTE2_076 RTE2 100 104 332 348 231 235 310 314 128 132 176 208 238 258 202 206 247 255 213 217 157 169 114 114 116 128
RTE2_077 RTE2 100 104 344 356 231 243 274 298 128 132 200 204 238 250 206 278 219 239 213 213 161 201 110 080 128 128
RTE2_078 RTE2 100 104 348 352 235 239 310 314 128 132 200 204 238 266 278 290 231 283 189 213 157 161 110 114 118 128
RTE2_079 RTE2 100 104 348 356 219 247 298 314 128 136 188 248 234 254 202 242 259 267 189 221 169 177 110 114 116 116
RTE2_080 RTE2 100 106 356 360 231 243 190 290 128 140 192 236 238 242 000 000 243 255 189 197 161 181 114 114 116 128
RTE2_081 RTE2 100 104 336 348 223 227 206 298 124 132 204 204 242 290 242 246 251 263 213 229 161 181 110 118 128 128
RTE2_082 RTE2 100 104 332 348 219 243 290 306 128 128 192 200 238 242 202 282 231 263 205 209 157 169 114 114 116 128
RTE2_083 RTE2 104 104 324 356 223 235 278 294 128 128 196 204 242 246 202 206 247 251 213 217 157 181 110 114 116 128
RTE2_084 RTE2 104 098 328 364 223 231 306 306 128 128 196 208 250 250 202 202 227 263 201 209 157 205 114 080 116 116
RTE2_085 RTE2 100 104 348 348 227 239 262 318 128 128 192 204 230 254 202 230 219 219 201 221 157 157 114 114 116 128
RTE2_086 RTE2 104 106 344 344 235 239 186 306 000 000 212 236 238 242 286 298 247 251 000 000 189 205 110 080 116 116
RTE2_087 RTE2 100 104 336 352 219 235 290 302 128 128 196 200 242 262 206 286 267 271 205 209 157 181 110 114 116 128
RTE2_088 RTE2 104 104 336 344 235 243 306 306 128 132 192 216 234 250 000 000 251 259 193 205 157 169 114 114 116 116
RTE2_089 RTE2 100 106 332 356 235 239 282 310 124 132 176 204 242 254 198 266 239 291 197 217 161 169 110 114 116 128
RTE2_090 RTE2 106 106 340 356 235 239 290 306 128 144 188 204 246 256 198 202 243 247 213 217 169 169 114 080 116 128
RTE2_091 RTE2 100 100 320 352 231 243 306 342 128 128 192 204 238 242 282 294 235 255 197 205 157 181 110 080 116 116
RTE2_092 RTE2 100 104 336 356 231 231 310 330 124 128 208 240 250 254 202 286 239 275 213 217 157 189 080 080 116 128
RTE2_093 RTE2 104 106 352 356 231 231 298 310 128 144 200 208 238 274 234 274 243 299 201 205 161 169 114 114 116 116
RTE2_094 RTE2 000 000 328 356 235 235 310 322 128 128 184 196 238 238 202 286 259 259 213 221 165 193 114 114 116 128
RTE2_095 RTE2 100 106 336 348 219 219 266 306 000 000 208 220 238 242 202 202 271 291 197 229 193 205 110 114 116 128
