096	098	100	102	104	106	110
2	10	55	1	77	36	9
203	207	211	215	219	223	227	231	235	239	243	247	251	255
1	6	1	1	15	14	10	30	43	33	14	14	4	4
000	170	174	182	186	194	198	202	206	210	214	262	266	270	274	278	282	286	290	294	298	302	306	310	314	318	322	326	330	334	342	354
2	2	2	1	2	2	3	2	2	11	4	1	2	3	5	7	4	9	10	13	3	13	24	20	14	7	7	6	3	1	4	1
000	176	184	188	192	196	200	204	208	212	216	220	228	232	236	240	244	248	256	260
2	4	1	14	15	30	21	31	25	13	6	3	3	6	1	1	1	2	6	5
000	226	230	234	238	242	246	250	254	258	262	266	270	274	278	282	286	290
6	2	1	1	58	30	5	22	7	15	10	8	9	8	3	2	1	2
000	186	194	198	202	206	210	214	230	234	238	242	246	262	266	270	274	278	282	286	290	294	298	302
2	1	2	21	61	18	5	2	1	3	2	10	1	1	7	3	9	12	13	8	3	2	1	2
219	223	227	231	235	239	243	247	251	255	259	263	267	271	275	279	283	287	291	295	299
10	2	3	9	4	16	8	18	17	22	17	10	11	15	12	6	4	1	3	1	1
000	173	185	189	193	197	201	205	209	213	217	221	225	229	233
4	5	3	9	7	19	12	16	19	29	33	20	12	1	1
149	157	161	165	169	173	177	181	185	189	193	197	201	205	209
1	64	44	6	18	1	11	5	10	5	13	1	4	5	2
000	114	116	118	128	130
6	2	75	8	97	2
