2 3.5 0.1

2
094	096	098	100	104	106	108	110	116
1	2	2	53	100	24	2	1	1

4
207	211	215	219	223	227	231	235	239	243	247	251
2	4	3	9	29	13	36	38	27	18	6	1

4
186	190	194	206	210	214	218	254	258	262	266	270	274	278	282	286	290	294	298	302	306	310	314	318	322	326	330	334	338	342	346	350	362
2	2	2	3	3	4	3	1	2	2	5	1	2	8	5	11	6	11	4	14	21	19	22	8	3	7	3	3	1	2	1	2	1

4
172	176	180	184	188	192	196	200	204	208	212	216	220	224	232	240	244	248	252
1	2	1	3	7	26	38	16	29	22	16	4	3	1	7	4	1	2	1

4
214	222	226	234	238	242	246	250	254	256	258	262	266	270	274	278	282	286	290	294
1	1	2	7	31	26	5	36	14	1	13	6	12	18	7	1	2	1	1	1

4
198	202	206	210	214	222	230	234	238	242	246	262	266	270	274	278	282	286	290	294	298	302	330
10	58	19	9	1	2	2	7	2	4	4	1	10	5	8	11	9	4	2	1	5	1	1

4
215	219	223	227	231	235	239	243	247	251	255	259	263	267	271	275	279	283	287	295	299
1	9	4	3	4	5	7	13	16	18	14	9	21	20	16	10	5	5	1	2	1

4
173	181	189	197	201	205	209	213	217	221	225	229
1	2	1	25	8	24	24	39	38	18	4	2

4
145	153	157	161	165	169	173	177	181	185	189	193	197	201	205	209
1	2	37	43	3	16	1	5	9	14	3	6	9	3	24	2

2
116	118	122	128	130	132
91	9	1	80	1	2
