000	094	098	100	102	104	106	108	110	114
2	1	7	54	3	87	23	2	4	7
203	207	211	215	219	223	227	231	235	239	243	247	251
1	5	11	5	14	13	9	39	34	23	23	11	2
000	174	190	194	206	210	214	218	258	266	270	274	278	282	286	290	294	298	302	306	310	314	318	322	326	330	350	354
8	1	1	4	3	4	1	1	1	1	1	6	9	10	8	8	15	15	9	20	20	9	12	3	7	6	4	3
000	176	180	184	188	192	196	200	204	208	212	216	220	228	232	236	240	248	252
2	1	3	5	9	41	29	16	27	12	13	10	1	5	3	4	4	3	2
000	218	234	238	242	246	250	254	256	258	262	266	270	274	278	286
2	2	7	39	36	11	23	22	3	16	11	1	14	1	1	1
000	198	202	206	210	230	238	242	246	254	266	270	274	278	282	286	290	294	298	302	306	310
8	33	58	19	10	2	1	5	2	1	7	6	6	9	8	6	4	1	1	1	1	1
215	219	223	227	231	235	239	243	247	251	255	259	263	267	271	275	279	283	287	291	295	299
1	9	2	5	8	4	8	15	12	20	17	16	22	24	6	10	2	1	4	2	1	1
181	189	193	197	201	205	209	213	217	221	225	229	237	253
4	2	2	15	13	26	25	38	30	20	11	2	1	1
149	153	157	161	165	169	173	177	181	185	189	193	197	201	205	209
6	5	20	50	1	10	1	8	8	18	7	16	3	15	21	1
000	114	116	118	120	128	130	132
2	2	85	6	4	85	5	1
