098	100	102	104	106	108	110
6	46	1	96	36	1	2
207	211	219	223	227	231	235	239	243	247	251
3	5	8	17	25	26	48	25	19	7	5
162	182	186	190	194	198	202	206	210	214	218	250	258	262	266	270	274	278	282	286	290	294	298	302	306	310	314	318	322	326	330	334	342	346
1	1	6	1	3	5	3	4	5	4	2	1	1	1	3	1	5	8	7	8	11	12	7	12	18	16	15	13	4	2	4	3	1	2
176	188	192	196	200	204	208	212	216	220	232	236	244	252	260	272
5	16	33	25	18	15	27	13	14	2	2	4	8	1	6	1
222	226	234	238	242	246	250	254	256	258	262	266	270	274	278	282	294
1	4	14	33	18	1	20	15	1	27	8	1	36	4	2	1	2
194	198	202	206	210	214	238	242	250	258	266	270	274	278	282	286	290	294	298	330
5	11	62	22	8	1	7	11	1	1	9	3	5	9	17	4	5	7	1	1
219	223	227	231	235	239	243	247	251	255	259	263	267	271	275	279	287	291	299
15	1	1	11	7	7	9	36	15	19	16	11	15	9	10	3	2	2	1
173	181	185	189	193	197	201	205	209	213	217	221	225	229	233
3	1	3	6	4	21	12	13	23	53	36	10	2	1	2
145	149	153	157	161	165	169	173	177	181	185	189	193	197	201	205	209
1	1	5	53	36	6	14	2	8	14	9	9	10	1	7	9	1
116	118	120	128
98	8	1	83
098	100	102	104	106	108	110
6	46	1	96	36	1	2
207	211	219	223	227	231	235	239	243	247	251
3	5	8	17	25	26	48	25	19	7	5
162	182	186	190	194	198	202	206	210	214	218	250	258	262	266	270	274	278	282	286	290	294	298	302	306	310	314	318	322	326	330	334	342	346
1	1	6	1	3	5	3	4	5	4	2	1	1	1	3	1	5	8	7	8	11	12	7	12	18	16	15	13	4	2	4	3	1	2
176	188	192	196	200	204	208	212	216	220	232	236	244	252	260	272
5	16	33	25	18	15	27	13	14	2	2	4	8	1	6	1
222	226	234	238	242	246	250	254	256	258	262	266	270	274	278	282	294
1	4	14	33	18	1	20	15	1	27	8	1	36	4	2	1	2
194	198	202	206	210	214	238	242	250	258	266	270	274	278	282	286	290	294	298	330
5	11	62	22	8	1	7	11	1	1	9	3	5	9	17	4	5	7	1	1
219	223	227	231	235	239	243	247	251	255	259	263	267	271	275	279	287	291	299
15	1	1	11	7	7	9	36	15	19	16	11	15	9	10	3	2	2	1
173	181	185	189	193	197	201	205	209	213	217	221	225	229	233
3	1	3	6	4	21	12	13	23	53	36	10	2	1	2
145	149	153	157	161	165	169	173	177	181	185	189	193	197	201	205	209
1	1	5	53	36	6	14	2	8	14	9	9	10	1	7	9	1
116	118	120	128
98	8	1	83
098	100	102	104	106	108	110
6	46	1	96	36	1	2
207	211	219	223	227	231	235	239	243	247	251
3	5	8	17	25	26	48	25	19	7	5
162	182	186	190	194	198	202	206	210	214	218	250	258	262	266	270	274	278	282	286	290	294	298	302	306	310	314	318	322	326	330	334	342	346
1	1	6	1	3	5	3	4	5	4	2	1	1	1	3	1	5	8	7	8	11	12	7	12	18	16	15	13	4	2	4	3	1	2
176	188	192	196	200	204	208	212	216	220	232	236	244	252	260	272
5	16	33	25	18	15	27	13	14	2	2	4	8	1	6	1
222	226	234	238	242	246	250	254	256	258	262	266	270	274	278	282	294
1	4	14	33	18	1	20	15	1	27	8	1	36	4	2	1	2
194	198	202	206	210	214	238	242	250	258	266	270	274	278	282	286	290	294	298	330
5	11	62	22	8	1	7	11	1	1	9	3	5	9	17	4	5	7	1	1
219	223	227	231	235	239	243	247	251	255	259	263	267	271	275	279	287	291	299
15	1	1	11	7	7	9	36	15	19	16	11	15	9	10	3	2	2	1
173	181	185	189	193	197	201	205	209	213	217	221	225	229	233
3	1	3	6	4	21	12	13	23	53	36	10	2	1	2
145	149	153	157	161	165	169	173	177	181	185	189	193	197	201	205	209
1	1	5	53	36	6	14	2	8	14	9	9	10	1	7	9	1
116	118	120	128
98	8	1	83
098	100	102	104	106	108	110
6	46	1	96	36	1	2
207	211	219	223	227	231	235	239	243	247	251
3	5	8	17	25	26	48	25	19	7	5
162	182	186	190	194	198	202	206	210	214	218	250	258	262	266	270	274	278	282	286	290	294	298	302	306	310	314	318	322	326	330	334	342	346
1	1	6	1	3	5	3	4	5	4	2	1	1	1	3	1	5	8	7	8	11	12	7	12	18	16	15	13	4	2	4	3	1	2
176	188	192	196	200	204	208	212	216	220	232	236	244	252	260	272
5	16	33	25	18	15	27	13	14	2	2	4	8	1	6	1
222	226	234	238	242	246	250	254	256	258	262	266	270	274	278	282	294
1	4	14	33	18	1	20	15	1	27	8	1	36	4	2	1	2
194	198	202	206	210	214	238	242	250	258	266	270	274	278	282	286	290	294	298	330
5	11	62	22	8	1	7	11	1	1	9	3	5	9	17	4	5	7	1	1
219	223	227	231	235	239	243	247	251	255	259	263	267	271	275	279	287	291	299
15	1	1	11	7	7	9	36	15	19	16	11	15	9	10	3	2	2	1
173	181	185	189	193	197	201	205	209	213	217	221	225	229	233
3	1	3	6	4	21	12	13	23	53	36	10	2	1	2
145	149	153	157	161	165	169	173	177	181	185	189	193	197	201	205	209
1	1	5	53	36	6	14	2	8	14	9	9	10	1	7	9	1
116	118	120	128
98	8	1	83
