2 3.5 0.1

2
094	096	098	100	104	106	108	110
2	3	2	47	98	26	1	7

4
211	215	219	223	227	231	235	239	243	247	251	255
7	1	15	26	13	27	34	31	19	6	4	3

4
186	190	194	198	210	214	262	266	270	274	278	282	286	290	294	298	302	306	310	314	318	322	326	330	334	338	342	346	350	362
9	4	2	1	6	3	2	1	2	3	12	4	11	11	7	11	9	14	21	17	10	5	7	4	1	1	3	1	1	1

4
176	180	184	188	192	196	200	204	208	212	216	220	224	232	236	240	244	256	260	272
2	2	4	13	24	24	19	31	22	17	9	1	5	4	1	2	1	1	1	1

4
222	226	230	234	238	242	246	250	254	258	262	266	270	274	278	282	290	294
1	1	3	6	40	24	11	31	10	17	8	9	14	6	2	1	1	1

4
194	198	202	206	210	222	230	238	242	246	250	262	266	270	274	278	282	286	290	294	298	302	306	326
1	20	51	17	4	2	3	5	8	1	1	1	10	6	7	11	8	4	5	4	2	1	1	1

4
215	219	223	231	235	239	243	247	251	255	259	263	267	271	275	279	283	287	291	295
2	7	1	13	3	11	9	19	25	21	14	17	11	7	9	2	5	5	2	1

4
177	181	189	193	197	201	205	209	213	217	221	225	229	233
1	3	7	2	22	19	25	21	41	29	9	5	1	1

4
145	149	153	157	161	165	169	173	177	181	185	189	193	197	201	205
1	1	1	39	34	9	9	3	11	13	6	5	5	9	7	23

2
114	116	118	120	128	130	132
1	97	11	2	73	1	1
