094	098	100	102	104	106	108	110	114
2	8	47	2	90	29	4	7	1
207	211	215	219	223	227	231	235	239	243	247	251	255
6	6	2	12	33	34	21	31	19	15	8	2	1
186	190	194	198	202	210	214	258	266	274	278	282	286	290	294	298	302	306	310	314	318	322	326	330	334	342	350
7	3	10	2	1	2	3	1	4	4	4	5	13	11	10	18	11	10	33	12	4	5	8	2	1	1	1
180	184	188	192	196	200	204	208	212	216	220	224	232	236	240	244	260
4	1	5	32	36	16	15	30	12	14	2	2	2	5	1	3	6
222	226	230	234	238	242	246	250	254	258	262	266	270	274	282	294
2	1	5	2	32	27	13	33	8	15	7	2	19	8	3	1
194	198	202	206	210	230	234	238	242	246	254	266	270	274	278	282	286	290	294	302
1	10	71	21	9	2	4	3	7	5	1	9	7	8	7	8	1	2	3	1
219	231	235	239	243	247	251	255	259	263	267	271	275	279	283	299
13	3	2	14	9	32	19	20	14	30	15	5	4	3	3	2
173	177	185	197	201	205	209	213	217	221	225	229	233
1	3	1	34	15	16	19	35	35	18	1	3	3
145	149	153	157	161	165	169	173	177	181	185	189	193	197	201	205
1	2	3	37	50	5	17	2	10	16	7	2	4	2	5	13
114	116	118	128	130
1	87	8	87	5
094	098	100	102	104	106	108	110	114
2	8	47	2	90	29	4	7	1
207	211	215	219	223	227	231	235	239	243	247	251	255
6	6	2	12	33	34	21	31	19	15	8	2	1
186	190	194	198	202	210	214	258	266	274	278	282	286	290	294	298	302	306	310	314	318	322	326	330	334	342	350
7	3	10	2	1	2	3	1	4	4	4	5	13	11	10	18	11	10	33	12	4	5	8	2	1	1	1
180	184	188	192	196	200	204	208	212	216	220	224	232	236	240	244	260
4	1	5	32	36	16	15	30	12	14	2	2	2	5	1	3	6
222	226	230	234	238	242	246	250	254	258	262	266	270	274	282	294
2	1	5	2	32	27	13	33	8	15	7	2	19	8	3	1
194	198	202	206	210	230	234	238	242	246	254	266	270	274	278	282	286	290	294	302
1	10	71	21	9	2	4	3	7	5	1	9	7	8	7	8	1	2	3	1
219	231	235	239	243	247	251	255	259	263	267	271	275	279	283	299
13	3	2	14	9	32	19	20	14	30	15	5	4	3	3	2
173	177	185	197	201	205	209	213	217	221	225	229	233
1	3	1	34	15	16	19	35	35	18	1	3	3
145	149	153	157	161	165	169	173	177	181	185	189	193	197	201	205
1	2	3	37	50	5	17	2	10	16	7	2	4	2	5	13
114	116	118	128	130
1	87	8	87	5
094	098	100	102	104	106	108	110	114
2	8	47	2	90	29	4	7	1
207	211	215	219	223	227	231	235	239	243	247	251	255
6	6	2	12	33	34	21	31	19	15	8	2	1
186	190	194	198	202	210	214	258	266	274	278	282	286	290	294	298	302	306	310	314	318	322	326	330	334	342	350
7	3	10	2	1	2	3	1	4	4	4	5	13	11	10	18	11	10	33	12	4	5	8	2	1	1	1
180	184	188	192	196	200	204	208	212	216	220	224	232	236	240	244	260
4	1	5	32	36	16	15	30	12	14	2	2	2	5	1	3	6
222	226	230	234	238	242	246	250	254	258	262	266	270	274	282	294
2	1	5	2	32	27	13	33	8	15	7	2	19	8	3	1
194	198	202	206	210	230	234	238	242	246	254	266	270	274	278	282	286	290	294	302
1	10	71	21	9	2	4	3	7	5	1	9	7	8	7	8	1	2	3	1
219	231	235	239	243	247	251	255	259	263	267	271	275	279	283	299
13	3	2	14	9	32	19	20	14	30	15	5	4	3	3	2
173	177	185	197	201	205	209	213	217	221	225	229	233
1	3	1	34	15	16	19	35	35	18	1	3	3
145	149	153	157	161	165	169	173	177	181	185	189	193	197	201	205
1	2	3	37	50	5	17	2	10	16	7	2	4	2	5	13
114	116	118	128	130
1	87	8	87	5
094	098	100	102	104	106	108	110	114
2	8	47	2	90	29	4	7	1
207	211	215	219	223	227	231	235	239	243	247	251	255
6	6	2	12	33	34	21	31	19	15	8	2	1
186	190	194	198	202	210	214	258	266	274	278	282	286	290	294	298	302	306	310	314	318	322	326	330	334	342	350
7	3	10	2	1	2	3	1	4	4	4	5	13	11	10	18	11	10	33	12	4	5	8	2	1	1	1
180	184	188	192	196	200	204	208	212	216	220	224	232	236	240	244	260
4	1	5	32	36	16	15	30	12	14	2	2	2	5	1	3	6
222	226	230	234	238	242	246	250	254	258	262	266	270	274	282	294
2	1	5	2	32	27	13	33	8	15	7	2	19	8	3	1
194	198	202	206	210	230	234	238	242	246	254	266	270	274	278	282	286	290	294	302
1	10	71	21	9	2	4	3	7	5	1	9	7	8	7	8	1	2	3	1
219	231	235	239	243	247	251	255	259	263	267	271	275	279	283	299
13	3	2	14	9	32	19	20	14	30	15	5	4	3	3	2
173	177	185	197	201	205	209	213	217	221	225	229	233
1	3	1	34	15	16	19	35	35	18	1	3	3
145	149	153	157	161	165	169	173	177	181	185	189	193	197	201	205
1	2	3	37	50	5	17	2	10	16	7	2	4	2	5	13
114	116	118	128	130
1	87	8	87	5
