2 3.5 0.1


2
096	098	100	104	106	108	110
5	4	59	89	23	2	4

4
207	211	215	219	223	227	231	235	239	243	247	251	255
5	2	3	6	16	10	43	36	31	28	6	3	1

4
162	170	186	190	194	202	206	210	214	218	234	258	262	266	270	274	278	282	286	290	294	298	302	306	310	314	318	322	326	330	334	350
1	1	3	2	2	1	4	5	2	1	1	1	3	3	2	4	12	2	6	11	10	12	17	7	26	18	12	1	11	4	1	4

4
176	180	184	188	192	196	200	204	208	212	216	224	228	232	236	240	252	256	260	264	268
7	4	4	9	21	27	16	31	21	13	10	5	1	4	3	2	1	2	3	3	1

4
230	234	238	242	246	250	254	258	262	266	270	274	278	282	286	290	294
3	5	41	35	2	27	4	23	4	4	15	12	1	4	1	3	2

4
194	198	202	206	210	214	222	230	234	238	242	246	254	262	266	270	274	278	282	286	298
1	21	60	21	2	1	3	5	2	1	5	5	2	2	7	4	9	15	15	5	2

4
215	219	223	227	231	235	239	243	247	251	255	259	263	267	271	275	279	283	287	291	295
3	6	1	5	4	4	9	16	25	16	21	10	20	15	12	4	3	6	5	1	2

4
173	181	189	193	197	201	205	209	213	217	221	225	229	233
1	2	2	1	20	15	18	31	41	28	19	5	4	1

4
149	153	157	161	165	169	173	177	181	185	189	193	197	201	205	209
4	1	45	39	4	13	2	22	8	10	2	2	6	8	19	1

2
116	118	128	130	132
94	4	78	4	2
