094	096	098	100	104	106	108	110
2	2	6	46	98	27	2	7
207	211	219	223	227	231	235	239	243	247	251
6	8	10	21	19	22	38	31	20	9	6
182	186	190	194	198	202	206	210	214	218	266	270	274	278	282	286	290	294	298	302	306	310	314	318	322	326	330	342	350	358
1	3	4	8	1	1	2	2	1	1	6	1	2	11	2	8	10	8	11	17	22	16	14	10	6	8	5	3	2	2
176	180	184	188	192	196	200	204	208	212	216	224	228	232	236	240	244	256	260	264
6	1	1	6	34	27	20	32	20	20	4	6	1	2	2	1	3	1	2	1
214	222	226	230	234	238	242	246	250	254	256	258	262	266	270	274	278	282	290
1	2	2	3	8	39	23	2	27	6	1	21	13	4	21	10	1	4	2
194	198	202	206	210	222	230	238	242	246	250	266	270	274	278	282	286	290	294	298	302	326
1	25	51	14	4	3	4	10	6	3	1	8	8	9	10	6	9	4	1	5	1	1
215	219	227	231	235	239	243	247	251	255	259	263	267	271	275	279	283	287
1	9	5	5	4	14	10	20	15	15	9	19	21	18	14	2	5	2
173	181	189	193	197	201	205	209	213	217	221	225	229	233
4	1	3	1	21	5	30	38	35	37	9	4	1	1
137	153	157	161	165	169	173	177	181	185	189	193	197	201	205
1	5	22	57	7	8	1	15	10	13	3	6	3	5	30
116	118	128	130	132
101	5	80	2	2
094	096	098	100	104	106	108	110
2	2	6	46	98	27	2	7
207	211	219	223	227	231	235	239	243	247	251
6	8	10	21	19	22	38	31	20	9	6
182	186	190	194	198	202	206	210	214	218	266	270	274	278	282	286	290	294	298	302	306	310	314	318	322	326	330	342	350	358
1	3	4	8	1	1	2	2	1	1	6	1	2	11	2	8	10	8	11	17	22	16	14	10	6	8	5	3	2	2
176	180	184	188	192	196	200	204	208	212	216	224	228	232	236	240	244	256	260	264
6	1	1	6	34	27	20	32	20	20	4	6	1	2	2	1	3	1	2	1
214	222	226	230	234	238	242	246	250	254	256	258	262	266	270	274	278	282	290
1	2	2	3	8	39	23	2	27	6	1	21	13	4	21	10	1	4	2
194	198	202	206	210	222	230	238	242	246	250	266	270	274	278	282	286	290	294	298	302	326
1	25	51	14	4	3	4	10	6	3	1	8	8	9	10	6	9	4	1	5	1	1
215	219	227	231	235	239	243	247	251	255	259	263	267	271	275	279	283	287
1	9	5	5	4	14	10	20	15	15	9	19	21	18	14	2	5	2
173	181	189	193	197	201	205	209	213	217	221	225	229	233
4	1	3	1	21	5	30	38	35	37	9	4	1	1
137	153	157	161	165	169	173	177	181	185	189	193	197	201	205
1	5	22	57	7	8	1	15	10	13	3	6	3	5	30
116	118	128	130	132
101	5	80	2	2
094	096	098	100	104	106	108	110
2	2	6	46	98	27	2	7
207	211	219	223	227	231	235	239	243	247	251
6	8	10	21	19	22	38	31	20	9	6
182	186	190	194	198	202	206	210	214	218	266	270	274	278	282	286	290	294	298	302	306	310	314	318	322	326	330	342	350	358
1	3	4	8	1	1	2	2	1	1	6	1	2	11	2	8	10	8	11	17	22	16	14	10	6	8	5	3	2	2
176	180	184	188	192	196	200	204	208	212	216	224	228	232	236	240	244	256	260	264
6	1	1	6	34	27	20	32	20	20	4	6	1	2	2	1	3	1	2	1
214	222	226	230	234	238	242	246	250	254	256	258	262	266	270	274	278	282	290
1	2	2	3	8	39	23	2	27	6	1	21	13	4	21	10	1	4	2
194	198	202	206	210	222	230	238	242	246	250	266	270	274	278	282	286	290	294	298	302	326
1	25	51	14	4	3	4	10	6	3	1	8	8	9	10	6	9	4	1	5	1	1
215	219	227	231	235	239	243	247	251	255	259	263	267	271	275	279	283	287
1	9	5	5	4	14	10	20	15	15	9	19	21	18	14	2	5	2
173	181	189	193	197	201	205	209	213	217	221	225	229	233
4	1	3	1	21	5	30	38	35	37	9	4	1	1
137	153	157	161	165	169	173	177	181	185	189	193	197	201	205
1	5	22	57	7	8	1	15	10	13	3	6	3	5	30
116	118	128	130	132
101	5	80	2	2
094	096	098	100	104	106	108	110
2	2	6	46	98	27	2	7
207	211	219	223	227	231	235	239	243	247	251
6	8	10	21	19	22	38	31	20	9	6
182	186	190	194	198	202	206	210	214	218	266	270	274	278	282	286	290	294	298	302	306	310	314	318	322	326	330	342	350	358
1	3	4	8	1	1	2	2	1	1	6	1	2	11	2	8	10	8	11	17	22	16	14	10	6	8	5	3	2	2
176	180	184	188	192	196	200	204	208	212	216	224	228	232	236	240	244	256	260	264
6	1	1	6	34	27	20	32	20	20	4	6	1	2	2	1	3	1	2	1
214	222	226	230	234	238	242	246	250	254	256	258	262	266	270	274	278	282	290
1	2	2	3	8	39	23	2	27	6	1	21	13	4	21	10	1	4	2
194	198	202	206	210	222	230	238	242	246	250	266	270	274	278	282	286	290	294	298	302	326
1	25	51	14	4	3	4	10	6	3	1	8	8	9	10	6	9	4	1	5	1	1
215	219	227	231	235	239	243	247	251	255	259	263	267	271	275	279	283	287
1	9	5	5	4	14	10	20	15	15	9	19	21	18	14	2	5	2
173	181	189	193	197	201	205	209	213	217	221	225	229	233
4	1	3	1	21	5	30	38	35	37	9	4	1	1
137	153	157	161	165	169	173	177	181	185	189	193	197	201	205
1	5	22	57	7	8	1	15	10	13	3	6	3	5	30
116	118	128	130	132
101	5	80	2	2
