Het_BP        0.01        0.05        0.10        0.50        0.90        0.95        0.99
  0.000000   -0.027125   -0.018875   -0.013375    0.003125    0.025125    0.033375    0.058125
  0.047987   -0.013375   -0.002375    0.003125    0.025125    0.066375    0.085625    0.126875
  0.095975   -0.013375   -0.002375    0.003125    0.027875    0.069125    0.091125    0.151625
  0.143962   -0.010625   -0.002375    0.005875    0.030625    0.074625    0.096625    0.146125
  0.191950   -0.010625   -0.002375    0.005875    0.030625    0.074625    0.093875    0.151625
  0.239937   -0.010625    0.000375    0.005875    0.030625    0.074625    0.093875    0.132375
  0.287924   -0.010625    0.000375    0.005875    0.030625    0.082875    0.104875    0.190125
  0.335912   -0.010625    0.000375    0.005875    0.030625    0.080125    0.107625    0.173625
  0.383899   -0.010625    0.000375    0.005875    0.033375    0.080125    0.099375    0.159875
  0.431886   -0.010625    0.000375    0.005875    0.030625    0.080125    0.099375    0.140625
  0.479874   -0.010625    0.000375    0.005875    0.030625    0.077375    0.102125    0.154375
  0.527861   -0.010625    0.000375    0.005875    0.030625    0.080125    0.102125    0.154375
  0.575849   -0.007875    0.003125    0.008625    0.033375    0.077375    0.099375    0.162625
  0.623836   -0.007875    0.003125    0.008625    0.033375    0.074625    0.091125    0.132375
  0.671823   -0.007875    0.003125    0.011375    0.033375    0.074625    0.091125    0.137875
  0.719811   -0.005125    0.005875    0.011375    0.036125    0.071875    0.091125    0.132375
  0.767798   -0.002375    0.005875    0.014125    0.036125    0.071875    0.085625    0.113125
  0.815785   -0.002375    0.008625    0.014125    0.038875    0.074625    0.088375    0.132375
  0.863773    0.000375    0.011375    0.016875    0.041625    0.077375    0.091125    0.121375
  0.911760    0.003125    0.014125    0.019625    0.044375    0.077375    0.088375    0.146125
