Het_BP           0.01        0.05        0.10        0.50        0.90        0.95        0.99
  0.000000   -0.027125   -0.018875   -0.016125    0.000375    0.019625    0.025125    0.036125
  0.048285   -0.021625   -0.010625   -0.007875    0.014125    0.038875    0.049875    0.066375
  0.096571   -0.021625   -0.010625   -0.005125    0.016875    0.052625    0.063625    0.088375
  0.144856   -0.021625   -0.010625   -0.005125    0.016875    0.055375    0.071875    0.107625
  0.193142   -0.021625   -0.010625   -0.005125    0.016875    0.058125    0.077375    0.118625
  0.241427   -0.021625   -0.010625   -0.005125    0.016875    0.055375    0.074625    0.110375
  0.289713   -0.021625   -0.010625   -0.005125    0.016875    0.052625    0.071875    0.110375
  0.337998   -0.021625   -0.010625   -0.005125    0.016875    0.055375    0.074625    0.132375
  0.386284   -0.021625   -0.010625   -0.005125    0.016875    0.060875    0.077375    0.135125
  0.434569   -0.021625   -0.010625   -0.005125    0.016875    0.055375    0.074625    0.121375
  0.482854   -0.021625   -0.010625   -0.005125    0.016875    0.049875    0.066375    0.107625
  0.531140   -0.018875   -0.010625   -0.005125    0.019625    0.060875    0.080125    0.135125
  0.579425   -0.018875   -0.007875   -0.002375    0.019625    0.055375    0.071875    0.113125
  0.627711   -0.016125   -0.007875   -0.002375    0.019625    0.055375    0.069125    0.107625
  0.675996   -0.016125   -0.007875   -0.002375    0.019625    0.052625    0.066375    0.102125
  0.724282   -0.016125   -0.005125    0.000375    0.019625    0.049875    0.063625    0.093875
  0.772567   -0.016125   -0.005125    0.000375    0.022375    0.049875    0.060875    0.085625
  0.820852   -0.013375   -0.005125    0.000375    0.022375    0.047125    0.058125    0.077375
  0.869138   -0.010625   -0.002375    0.003125    0.025125    0.049875    0.058125    0.077375
  0.917423   -0.007875    0.003125    0.005875    0.027875    0.052625    0.060875    0.074625

