Het_BP            0.01        0.05        0.10        0.50        0.90        0.95        0.99
  0.000000   -0.027125   -0.018875   -0.016125    0.000375    0.019625    0.025125    0.038875
  0.047711   -0.024375   -0.013375   -0.007875    0.011375    0.044375    0.060875    0.104875
  0.095422   -0.024375   -0.013375   -0.007875    0.014125    0.049875    0.074625    0.126875
  0.143133   -0.024375   -0.013375   -0.007875    0.014125    0.052625    0.069125    0.113125
  0.190844   -0.021625   -0.013375   -0.007875    0.014125    0.052625    0.071875    0.115875
  0.238555   -0.021625   -0.013375   -0.007875    0.014125    0.052625    0.071875    0.110375
  0.286266   -0.021625   -0.013375   -0.007875    0.016875    0.058125    0.080125    0.132375
  0.333977   -0.021625   -0.013375   -0.007875    0.016875    0.058125    0.077375    0.126875
  0.381688   -0.021625   -0.013375   -0.007875    0.014125    0.052625    0.071875    0.135125
  0.429399   -0.021625   -0.013375   -0.007875    0.014125    0.055375    0.074625    0.115875
  0.477110   -0.024375   -0.013375   -0.007875    0.014125    0.052625    0.069125    0.104875
  0.524821   -0.021625   -0.010625   -0.005125    0.016875    0.055375    0.074625    0.118625
  0.572532   -0.021625   -0.010625   -0.005125    0.016875    0.055375    0.074625    0.126875
  0.620243   -0.018875   -0.010625   -0.005125    0.016875    0.052625    0.069125    0.102125
  0.667954   -0.018875   -0.010625   -0.005125    0.016875    0.049875    0.063625    0.099375
  0.715665   -0.018875   -0.007875   -0.002375    0.019625    0.052625    0.063625    0.093875
  0.763376   -0.016125   -0.007875   -0.002375    0.019625    0.049875    0.060875    0.082875
  0.811087   -0.016125   -0.005125    0.000375    0.022375    0.049875    0.060875    0.082875
  0.858798   -0.013375   -0.005125    0.003125    0.025125    0.049875    0.058125    0.074625
  0.906509   -0.010625    0.000375    0.005875    0.025125    0.055375    0.063625    0.080125
