Het_BP        0.01        0.05        0.10        0.50        0.90        0.95        0.99
  0.000000   -0.029875   -0.018875   -0.016125    0.000375    0.016875    0.022375    0.030625
  0.045020   -0.027125   -0.018875   -0.013375    0.003125    0.019625    0.025125    0.033375
  0.090040   -0.027125   -0.018875   -0.013375    0.003125    0.019625    0.025125    0.033375
  0.135059   -0.027125   -0.018875   -0.013375    0.003125    0.019625    0.025125    0.033375
  0.180079   -0.027125   -0.018875   -0.013375    0.003125    0.019625    0.025125    0.033375
  0.225099   -0.027125   -0.018875   -0.013375    0.003125    0.019625    0.025125    0.033375
  0.270119   -0.027125   -0.018875   -0.013375    0.003125    0.019625    0.025125    0.033375
  0.315139   -0.027125   -0.018875   -0.013375    0.003125    0.019625    0.025125    0.033375
  0.360158   -0.027125   -0.018875   -0.013375    0.003125    0.019625    0.022375    0.033375
  0.405178   -0.027125   -0.018875   -0.013375    0.003125    0.019625    0.025125    0.033375
  0.450198   -0.027125   -0.018875   -0.013375    0.003125    0.019625    0.025125    0.033375
  0.495218   -0.027125   -0.018875   -0.013375    0.003125    0.019625    0.025125    0.033375
  0.540238   -0.027125   -0.018875   -0.013375    0.003125    0.019625    0.025125    0.033375
  0.585257   -0.027125   -0.018875   -0.013375    0.003125    0.019625    0.022375    0.033375
  0.630277   -0.027125   -0.018875   -0.013375    0.003125    0.019625    0.025125    0.033375
  0.675297   -0.027125   -0.018875   -0.013375    0.003125    0.019625    0.025125    0.033375
  0.720317   -0.027125   -0.018875   -0.013375    0.003125    0.019625    0.022375    0.033375
  0.765337   -0.027125   -0.018875   -0.013375    0.003125    0.019625    0.022375    0.033375
  0.810356   -0.027125   -0.018875   -0.013375    0.003125    0.019625    0.022375    0.033375
  0.855376   -0.024375   -0.016125   -0.010625    0.005875    0.022375    0.025125    0.033375
